1000
27.4692 17.9754 -8.81383
20.6737 -62.5325 42.6805
15.3873 -55.6811 43.2019
74.9458 -36.3721 -60.5397
75.7291 -15.3438 70.3734
22.3273 -84.0119 -18.3816
-89.7081 21.7498 39.3059
67.8777 27.908 -37.2245
52.087 17.76 57.1365
20.2124 -37.1727 4.09442
92.1871 -99.0716 -53.1625
27.2419 -54.2782 36.1898
-60.3814 64.8122 27.9474
86.7062 -84.585 59.6474
-25.4821 90.8304 16.841
-57.1376 33.7009 23.3842
62.7253 -90.5011 -18.238
83.8707 89.2847 20.6446
-35.846 35.1943 43.4669
88.7991 69.8122 -35.2278
44.5796 28.5759 -32.1212
-53.5122 -78.4859 -6.2937
-46.6408 51.2345 66.6601
46.5171 -26.7328 -48.1378
-48.9237 -79.2939 82.3054
-41.7915 -12.6094 -16.1939
23.2462 71.7567 12.3255
-49.1608 -59.1455 11.3723
90.3563 -51.2825 82.1962
17.1462 -55.5044 43.7197
30.1766 50.1295 -68.8766
32.4589 86.2902 -63.8921
-96.9258 -67.0466 -90.1518
-57.1768 50.6077 -73.1583
-82.1495 6.48997 -37.1733
40.7715 -89.5376 -9.94246
44.6499 -75.2759 -23.6125
54.6816 27.8712 -20.9199
79.3605 2.45709 -32.1973
-28.627 72.6967 -16.9177
84.8254 36.5788 -81.0274
-66.7468 31.3486 -2.4504
43.0819 64.1536 -58.428
51.1891 90.0616 -18.4722
-83.3596 -78.7038 -17.444
-30.8426 -82.5777 -36.0917
42.2395 -95.0304 -68.3884
-49.6664 -26.7543 67.8952
-0.761909 -6.88592 -90.5257
80.364 -10.7306 -60.2339
27.2017 12.6378 -15.0332
7.43603 2.63095 49.771
96.6601 41.4723 -73.446
-92.6991 -47.4058 77.7416
-86.0751 1.88209 -68.6603
67.8021 -62.1561 48.7335
94.0773 -72.5497 -76.2949
-4.83768 -5.82188 -82.0133
42.2103 -50.6312 46.9858
-52.2437 -81.8128 -80.23
-82.5077 -95.0954 29.2325
54.096 -85.5518 -9.57428
6.6038 -15.468 71.8
-19.9005 -18.3031 -45.9729
70.4142 18.7327 90.714
77.6988 96.2735 -30.2832
-62.0137 70.2428 -24.2397
17.7095 -76.0462 -84.7462
-26.0028 -44.2713 13.9601
-5.2212 -47.6607 -35.468
-40.2805 76.3504 3.45827
-0.716027 -56.5132 46.1106
44.9283 -33.9271 46.0633
61.662 -76.2904 11.893
46.6808 -62.632 -92.995
52.4958 61.0441 90.3489
68.3893 23.9704 -74.2452
-22.7881 70.5836 68.2661
85.7233 24.2172 15.8405
-45.0306 8.15496 86.06
-22.2718 54.7813 -71.1572
-96.608 87.6665 -27.4537
43.7973 95.8889 -95.4264
12.6832 -20.445 86.193
51.6227 -20.1981 2.52016
-99.9393 -18.7592 60.181
-36.4872 58.966 85.53
-33.2912 -2.4049 44.906
-23.0871 -99.6179 -84.8494
41.4083 74.1845 6.50132
61.2647 95.7541 79.4948
54.8863 -45.2195 56.116
67.6114 -53.9933 72.7876
-91.0844 44.294 -63.3377
61.9531 84.0305 87.9683
-44.0482 99.9734 19.6598
-54.26 -1.1437 62.8321
-77.9363 -18.6536 -28.0554
-90.8953 74.7511 6.79767
88.0245 61.0074 -11.97
66.5277 -3.60155 -33.9657
22.367 70.1624 81.7236
-41.2772 8.49599 -48.5249
31.3886 6.94683 18.5395
9.55521 -73.5155 88.0274
-15.7773 -16.0107 -98.096
34.5107 -24.9973 -15.6603
39.8436 94.1744 -71.9334
97.7925 90.6022 90.1703
26.9463 -85.6725 -32.6607
13.7326 -26.0518 -80.5844
-10.2155 -29.8575 -75.253
-87.3566 -91.4851 -19.5062
-31.7686 45.0498 35.2367
-4.17255 57.3998 -40.9524
62.3093 -13.4333 -5.33657
96.6141 80.819 8.75704
-38.0797 16.3205 8.42986
-29.2318 96.5669 21.5821
86.1794 5.08649 21.6224
-84.3958 10.9868 -63.6043
36.8891 -93.8725 -75.3347
77.2924 -37.3291 60.9102
12.4987 -0.831182 2.87327
-20.3485 -16.9595 -88.4043
6.16421 68.8644 2.23921
2.44285 -88.9924 -59.0684
-33.0044 -12.1527 21.5309
-35.0041 -20.1726 15.2758
71.1963 -22.4609 4.51894
33.2954 29.9029 26.8767
51.7879 34.315 52.6679
-69.5495 82.5785 -93.5663
4.33995 26.4693 -92.4405
-52.4879 20.0194 -81.9037
-48.4437 -11.3048 96.9028
87.3243 80.109 -48.5659
44.342 -71.6362 20.3488
-92.6763 -21.7923 -16.8462
-47.1424 -82.3647 80.3618
45.6258 42.1305 -24.5601
-98.0181 -85.5021 44.8959
96.2869 -84.3735 -66.8488
-93.7934 -55.1355 41.5687
55.6197 86.782 42.2444
47.9469 22.8709 -1.41232
-43.4128 18.6133 69.9345
-47.4221 65.1916 51.5469
-20.7875 -54.3182 -30.6999
0.924231 -44.5881 24.1167
-14.6744 -40.8147 -31.4296
11.2166 24.6248 -90.4852
-27.7323 -0.190968 35.9616
-36.2013 82.8885 20.5889
-88.0685 60.1245 -44.7468
75.0281 84.1831 79.6017
-18.3801 17.3082 -37.1395
-94.3549 56.968 -73.9596
43.102 -71.3442 99.4676
89.5124 85.246 -88.1103
-45.5032 -79.4647 25.808
35.3266 81.31 -56.0796
-1.44483 -74.5476 60.0964
-21.0102 -48.0461 -39.8529
10.902 -4.31678 25.7122
-29.4165 9.05113 73.1819
77.1369 -4.42495 -25.175
-61.3913 27.0134 -28.2102
-59.1763 76.9765 12.8877
71.7359 -56.5926 42.6975
24.4302 -49.2951 -99.6955
-36.8053 -86.2526 68.1449
5.26909 -33.8577 27.2665
-55.2896 -41.2272 -0.949735
-87.8844 -29.5032 86.6253
70.4024 41.2758 66.0268
51.8352 -24.4568 -24.8319
-37.1198 63.6572 -20.3497
-30.5244 -26.1261 98.1241
-40.9752 -62.2716 -64.4997
75.0711 50.1161 -82.0044
-69.4006 12.4432 72.2447
1.73712 -61.9645 27.1905
-54.74 4.7325 39.8139
-72.8279 43.9555 -88.7533
62.3132 41.1863 74.9671
-49.0171 48.6549 -54.0818
65.5136 -83.5061 -72.9097
17.2323 -9.43456 -67.2743
36.0002 72.9297 -48.1883
-95.8541 65.4238 46.0829
46.8065 -78.1161 -71.0467
99.7301 60.4421 19.464
-74.5808 35.3588 28.1437
62.269 34.5913 64.7118
-89.3594 42.0979 90.9813
-73.7628 74.331 91.6898
-22.0958 -67.0837 -42.3353
-84.5677 -26.2636 -64.651
9.67366 -86.0322 -77.5807
-20.3771 -94.7682 -97.9736
94.5944 48.125 -91.5421
-83.4728 -98.8744 -34.218
-24.9893 -20.6777 -49.8891
23.7196 -69.9691 -22.5593
32.2226 -3.3111 -70.5187
96.1137 -72.0294 14.7127
-21.627 15.424 -41.5349
76.6826 -69.9375 -4.9057
-83.3349 -76.5658 -37.6219
39.5368 35.2841 -83.6162
87.0076 -23.3287 -27.7679
65.9956 -73.8357 -67.8311
8.37909 -76.5117 -71.8505
19.1729 93.0727 -16.1238
86.7729 -82.5338 -33.8135
37.9125 80.1385 -92.7944
-1.07501 58.9649 -27.8166
-82.3008 39.1703 37.378
11.2224 58.7541 66.8402
-5.375 -53.653 32.4662
-83.4451 40.9547 75.2475
-27.6479 83.3235 -86.2452
5.29164 -91.195 -92.6865
73.6987 -93.0659 62.0587
49.657 43.3027 -1.85604
35.7197 57.1468 16.2791
73.4575 -58.7154 -99.7008
-24.7038 -37.7811 35.887
-16.537 -87.596 -55.9232
45.5701 -55.0423 97.4842
-83.8091 72.8245 -57.5828
-33.789 4.22268 -97.2873
-26.7627 76.019 -64.8535
-69.104 31.9961 52.015
-92.9617 93.6592 23.8608
-99.8612 6.7818 6.50053
-80.76 32.6277 98.6891
59.3904 -75.7944 76.7946
-18.0296 90.8742 41.5475
-11.5236 89.8509 -78.1979
-69.4247 -86.198 32.9426
29.8876 -0.368761 -34.9896
-3.39759 -30.1117 72.8524
52.7795 -33.3594 -60.8985
70.4239 -94.0642 -28.6314
-83.1888 -79.2458 -8.74887
9.51833 87.3671 -28.6336
-27.2132 60.0458 -23.3476
-36.3452 50.9833 50.7133
36.1265 68.6019 -71.5371
-90.3515 44.5647 -37.058
57.9529 97.903 -17.08
-11.3399 49.5443 28.3604
31.0466 -46.6014 76.6152
2.87387 0.634439 -18.9411
51.2319 43.107 23.8383
-72.3171 37.0165 42.4239
74.9858 42.8321 63.5456
-80.1764 92.0023 67.3364
-65.1404 -31.5167 -37.2477
-72.5759 23.8533 10.2258
-54.6764 -47.0384 -3.49499
-38.8084 -83.0519 67.6497
4.17531 -87.137 -19.5797
-44.3834 -33.64 2.59755
45.7757 64.244 -41.339
33.8141 -74.5775 -70.7289
-9.27331 70.286 -78.9336
87.1516 36.2653 0.143064
64.855 -68.3351 -7.56539
-20.0497 34.9897 90.8075
-36.5563 -15.4525 53.3495
-51.6025 -63.7362 74.6457
-79.7443 -11.0489 -5.16381
-36.6945 35.8099 93.8368
46.3217 73.18 43.4378
93.6538 86.7932 -70.4946
2.26547 -79.1689 -58.9344
-26.1521 -42.2403 56.2514
-17.1541 24.3092 9.05056
78.6728 67.837 -92.103
84.0063 18.7836 -20.8148
24.8116 39.7408 -20.9745
-1.53293 44.4704 93.0848
85.3407 -69.7842 -27.6536
76.4378 9.02327 -79.9827
90.3682 -69.3477 43.1124
-79.0721 87.0008 20.9775
1.4174 0.994132 -86.321
-97.9825 -18.3854 4.99259
40.7533 -96.5598 92.316
-32.2223 -34.5335 -51.0953
-88.4383 -32.1303 72.46
76.9865 -47.5671 36.79
24.2659 -30.7284 -31.2557
-86.2107 -8.5377 -58.4716
-23.2245 -14.9254 -15.1473
-79.2139 92.207 61.7771
-16.5926 69.3171 -58.3853
8.18495 24.5405 77.916
-48.1558 0.549338 50.4076
34.4654 -0.801367 56.3935
42.3334 41.3467 33.4266
-92.8715 17.9469 -51.3739
-81.1868 -13.6712 24.2849
-26.825 -9.58893 -78.9456
35.7957 51.0341 -64.5511
-86.6572 6.27676 81.4447
-55.4934 -71.5826 -38.871
52.869 -46.6845 57.7832
-6.50241 52.6097 73.4124
73.5261 -60.2796 -27.4717
70.2088 8.39094 55.9024
64.9205 -52.0189 57.0926
-95.9629 9.21219 53.8335
21.199 -72.6399 22.4737
-31.3046 -72.1889 -4.72996
1.55187 -95.4238 78.1323
90.4716 -1.26449 -69.489
58.9474 56.9745 -30.4417
-17.5234 62.8796 -87.1191
67.6223 23.9043 -66.9443
-77.108 -27.6242 -37.3881
-42.0882 -69.8653 -39.5076
40.4772 -40.3676 -58.2533
-77.029 44.4049 96.6278
36.6562 15.4937 39.5347
13.8962 -78.8195 -6.60232
98.7534 -70.3925 40.5695
45.6351 -70.5492 -38.2189
54.5473 9.56002 -4.23191
-46.4352 -23.9439 30.3098
29.3582 -30.114 -29.8173
22.6726 -0.210598 90.2633
67.3422 -89.6182 -99.3701
23.6392 -91.0687 65.3291
-13.1054 -85.7052 65.8654
-99.6322 -41.6111 -30.1943
-1.67811 -54.8474 -54.2179
-5.80848 42.4512 95.914
-15.7415 39.9168 -33.3134
66.6645 62.4909 -97.2957
-54.3897 -28.6259 -50.2905
64.7385 10.3091 64.0815
97.2493 25.2275 -82.4808
70.2076 -17.9098 -89.9373
98.961 -56.7922 -88.4015
-45.4359 42.0877 99.0792
-72.9001 59.8166 33.2881
79.445 -43.014 -80.7012
-30.4205 38.6466 54.7376
6.98718 17.5187 6.47035
-49.9761 -68.785 87.7175
-87.6758 -76.1237 -44.8401
-22.2677 50.7494 25.4357
-85.4954 -68.4575 7.82496
81.1388 -50.817 -67.5787
7.22876 -40.7856 76.1371
-26.4374 -6.49877 76.9316
52.669 22.186 46.1764
-42.8406 15.2708 -50.1896
-13.3715 28.2524 -28.8577
-38.3884 -10.552 50.3154
79.149 57.1881 -87.4269
82.3221 83.9234 39.1712
2.33143 93.3168 -67.0557
-30.8165 15.7564 -64.3038
34.5479 -83.4132 -15.7703
-55.5895 65.0216 -70.0258
15.2759 55.2827 -95.1774
-21.7897 -3.11514 36.9865
29.6171 85.9588 29.3412
30.6213 88.1291 -41.9572
-37.4188 25.7273 82.3236
17.8685 -7.03095 12.5744
-21.969 -57.2526 -96.1326
-27.0527 -59.5103 -49.3792
-17.6002 46.8063 5.08031
88.1906 -56.5492 68.9123
81.2919 3.10752 -56.4497
-26.9226 -41.5536 40.1088
93.6504 3.58866 -31.8285
-0.688406 8.55527 -54.4533
18.8447 -14.1575 -8.47217
58.0206 -27.439 53.1438
73.8714 -50.2851 -30.0925
-24.2113 -64.7253 93.7417
-53.5055 -63.5173 -25.8564
23.2395 68.8409 78.8084
-94.3033 -53.3949 97.474
67.081 -14.7299 -99.9698
82.7299 -43.5216 -81.6073
75.138 -46.8404 -91.6918
23.4876 -13.5551 -59.0446
-30.2452 -18.0184 20.2861
72.9391 -67.7774 31.2826
-23.6499 -33.9241 -93.4695
79.8148 43.6692 93.6609
50.3488 79.1734 65.4429
-48.9521 6.38483 68.7648
-98.4526 72.8718 63.2741
17.2836 69.2672 8.72192
-26.1775 61.8754 52.791
70.4054 -40.8047 -25.5103
17.8707 63.5177 37.7854
43.5408 -50.0969 -40.1936
-56.3095 -75.803 80.2782
45.4123 -63.0218 59.0582
-64.045 -88.8782 66.8873
36.907 -28.8131 -31.9101
81.7004 -32.6022 63.3738
-52.5598 -38.4856 35.5851
-59.2947 56.2411 49.1702
84.9613 84.5658 -48.654
3.60529 10.9362 40.3138
-36.8151 -13.016 -3.62653
-13.3706 -0.759888 -64.589
-28.6885 -7.84493 -65.9609
35.2832 -79.0881 -78.1123
40.9818 56.8671 45.5636
-74.2904 -69.2539 9.06189
-22.0075 -41.2486 -81.8991
-20.0749 85.2083 7.58782
60.9337 74.4739 -9.54904
-13.4927 -57.7692 73.9303
4.26137 29.9635 80.2344
-60.5569 -60.0965 79.4823
-69.8402 71.5516 43.1748
-62.3632 87.6506 89.1191
-31.3023 -33.3175 96.0208
-61.6533 -33.4621 49.054
-43.1052 46.2909 58.1936
-82.447 -75.7706 -10.718
-49.2322 20.4232 -35.9861
-1.04982 27.8821 17.8673
-52.7865 -15.4008 -67.914
-47.1376 -16.2578 -19.7914
53.6767 42.9937 -75.3154
-62.6816 17.7493 25.8271
-48.1333 4.2701 49.2914
-46.1487 20.3427 -20.4875
36.0215 -40.8875 42.1805
-78.9552 -5.5792 29.5394
-91.3926 77.3821 -98.4047
-42.3031 23.2288 47.7313
53.3261 -92.857 38.7706
3.63146 -12.5719 -0.47764
-82.4093 -61.1071 71.5706
4.80881 75.3036 -94.3216
67.3371 -69.6258 -58.9687
83.878 -90.7771 97.8355
19.0884 85.9347 -28.9328
-48.5826 -92.4218 79.9126
20.6368 -73.0651 22.2441
92.7012 -81.5946 50.4418
-33.1448 -28.9311 66.3992
-64.8187 -72.7634 50.4004
-1.62428 -82.8224 78.3461
-78.2219 49.1287 19.6257
89.6574 52.9233 -81.5933
-73.9228 -1.52348 -83.7485
39.1581 50.1805 30.4075
40.1912 26.9 97.5902
97.6793 79.9682 -97.3697
4.8567 -41.4334 -61.1276
-44.2944 70.6474 29.7627
-86.8857 -20.6045 -52.3439
50.7607 -70.6555 73.0848
-38.0131 -0.382049 -37.3279
14.9132 -60.0726 -23.5443
-92.0601 52.6619 5.6927
-85.4466 -64.1949 13.534
21.318 80.5835 97.6563
27.6558 -15.5442 -60.721
-30.1216 -64.8244 -31.422
-20.4183 5.05321 11.8144
-15.9542 12.3233 35.5937
12.0075 98.6269 41.5848
-46.8158 50.527 22.6423
-60.5148 -20.1959 85.5272
56.6559 95.3239 -87.5708
37.1851 -85.6135 44.9012
26.1678 -87.553 -31.907
32.5084 -91.4614 79.8858
-21.7148 85.439 -60.1478
-18.9304 30.9207 -16.2425
-69.7935 -93.5418 -90.3005
-22.713 70.5548 -71.4368
25.2569 -4.13277 57.7767
-4.4427 -62.8125 -74.4193
70.531 -35.1389 91.4769
56.3639 -10.4744 41.3226
-56.1661 55.9848 35.7182
59.8099 12.3682 72.7238
-80.8877 99.2867 65.6116
-37.6088 -19.8227 44.2031
43.7726 -38.0955 -2.59312
-3.21299 -65.4491 35.201
67.593 37.9738 -10.1234
88.7177 20.5524 78.9359
-17.9756 -3.48359 -45.2719
60.5572 -35.7357 65.0331
97.6711 86.8596 -85.745
-56.8567 89.7319 -39.3494
85.2252 52.8461 67.9105
3.3436 -17.8507 45.5892
71.4582 60.2413 -63.6006
95.3554 -59.0204 98.0634
88.1822 -66.9164 -52.9314
76.793 13.964 84.8363
58.3532 58.1788 -92.9334
48.9499 93.8536 5.87672
25.5784 58.1999 -43.8664
-53.4134 -81.0625 26.6711
-13.0597 54.8506 0.992716
95.7116 49.1377 -84.9041
-62.363 25.1225 50.9242
65.6879 -96.3171 58.0033
76.6074 73.3911 35.4623
93.5215 60.8909 -35.5411
54.801 4.30336 24.7061
28.0538 -84.6493 -30.1149
-31.9617 -60.6921 -25.4949
8.30875 -42.7041 43.3818
-15.775 -19.8709 69.85
-43.5601 23.5705 6.38912
-74.3095 97.8846 99.3206
87.906 31.7269 -96.1834
-85.2328 -54.1113 74.3434
22.0757 40.7212 -74.1923
-16.5244 33.8041 32.1741
87.13 -81.5474 -49.3008
-34.0026 -37.6862 -91.5916
-68.5848 64.0205 -56.1904
-83.7131 -58.05 -31.7957
79.0946 55.4309 97.499
-77.1493 -90.2187 34.8241
-55.515 -99.9876 83.3107
91.3221 -99.5828 -86.6509
93.4728 -93.0023 -76.4036
31.9012 -32.3017 58.5905
72.1209 -98.9218 65.1612
-56.0565 85.0177 29.9318
-34.3333 14.3202 -40.2125
55.4547 -67.3347 -74.8088
-17.8664 -65.6244 -73.4344
75.2646 82.4318 -18.4151
-66.9898 -59.3689 42.7814
-0.775759 -38.6395 -24.0158
42.3915 -37.4889 -4.19291
-31.6691 -94.3449 -68.5098
82.348 59.8437 -73.3874
48.0971 -21.2193 19.4206
-2.92073 -25.5824 -83.3852
48.8524 49.5844 88.0221
16.8535 -14.9996 -98.5225
-12.0233 -5.70072 21.9984
89.2975 -11.8678 61.9417
-26.1105 95.2732 15.7234
12.2329 93.299 -70.0285
20.3578 84.1956 -24.5889
-42.662 1.37399 -35.2849
-54.1846 -86.3818 51.6981
-62.9383 69.0093 -98.9124
-39.4498 5.17183 -74.6891
-38.3847 -40.5506 -97.1051
-17.2838 -50.883 -98.5677
-80.8423 -24.9025 88.9863
19.2936 32.1749 -27.775
71.0171 -25.4227 -16.5433
11.76 -26.3589 -94.4809
17.2162 43.3071 85.323
-87.3466 -38.8886 -88.8312
78.2183 91.8949 -30.7099
51.1465 60.8795 9.3053
-30.9566 -25.7339 -42.3353
72.0209 -18.227 -43.6097
9.25976 -0.448741 90.9238
37.0619 -51.189 -38.5078
57.3187 16.3449 96.1104
-43.1502 -59.1718 -52.1946
-63.7149 98.3606 78.8152
50.7625 10.6024 -85.7109
21.6511 65.682 6.74293
-74.0298 65.1492 -0.942077
15.0855 -73.7046 -71.9916
-7.13471 79.5544 98.2974
-75.363 71.0993 12.987
-44.3193 48.4231 -93.3946
-26.8651 -50.7066 -37.6967
-38.1527 -89.4468 66.6621
-75.8905 -22.254 -34.8193
22.0689 82.5069 25.6769
50.1092 -32.2183 -45.352
-60.3803 37.2988 90.5545
33.7116 -11.9011 85.0181
-41.7281 3.10833 32.7074
96.3277 31.3953 -74.2382
81.6331 -60.1274 70.1123
27.8386 39.5956 -64.1997
81.5631 -55.9513 97.4377
46.4443 13.6027 30.5831
20.4815 82.4526 -8.30052
-60.3909 -11.8638 -73.9551
-26.378 73.281 16.7287
78.6179 -85.5619 45.6786
2.54365 -9.11034 69.7466
35.9786 79.2972 -70.4344
81.6458 -74.058 -70.9484
88.4626 -29.2048 91.0707
14.8188 79.1066 -92.3428
95.025 93.2413 64.4027
28.9851 94.2622 -7.14699
35.591 1.42693 -40.2035
28.0415 58.6599 -96.4251
35.0912 -45.1939 -37.3074
82.4878 76.8816 53.1219
78.3372 69.3351 11.3334
-83.8704 -96.8097 -87.9619
36.7306 -36.7681 -78.8352
-30.8501 82.783 40.273
91.8005 88.8061 -46.7239
-68.1637 92.7829 -79.4507
-69.7615 90.0174 58.649
-82.1987 85.1704 -87.4941
-14.2474 94.9771 -80.0833
-3.39127 43.513 6.6168
73.2064 -93.577 16.1967
-61.7839 98.5264 56.603
20.6511 -64.1065 32.0002
96.3107 -18.3915 -84.9621
-32.7544 -55.4586 51.0031
-65.5864 6.29186 -27.6666
80.925 -25.0102 63.2441
-22.7726 97.6786 72.253
8.26489 51.5778 99.8571
66.5129 56.7785 6.25493
-71.0519 85.3063 -90.6308
-49.402 12.789 -79.1088
54.9663 23.1131 38.1533
-80.0772 -69.7603 -45.0717
-14.756 75.2552 97.0616
-55.147 28.2724 12.9093
-15.0658 -66.008 -44.9052
12.0114 6.28492 65.423
-7.1414 24.0062 33.7735
50.1559 -91.057 -21.8637
65.8386 -9.12249 7.06016
21.3431 17.5019 -0.119685
-41.018 9.77371 22.8892
-17.1897 96.4748 -46.6807
62.8094 -62.6512 -43.525
61.8383 -89.4903 57.4839
-21.7267 -65.289 14.9645
-50.9721 32.7229 -40.9299
-21.585 93.157 54.5671
23.6401 48.1237 -79.9219
-26.6643 -95.6395 -56.9047
99.1093 72.5868 -31.7176
-28.6429 21.4218 -11.7236
-8.97003 94.0018 -31.7237
50.7608 -67.9659 -62.7356
4.38578 -44.1113 -55.9285
-38.1382 -98.1648 -54.4549
11.6493 -69.1187 47.4709
38.5777 -13.9296 -37.0184
-29.0046 69.6339 77.0283
-55.3919 -69.2055 -97.7783
-55.0436 -78.489 -22.8763
71.6568 11.8874 24.0135
-67.9425 -53.761 30.9628
-81.2704 -6.80773 -10.4362
-54.751 41.6732 63.3517
97.5948 96.6653 91.2583
61.2557 35.9483 1.37525
63.35 -26.4892 -22.9606
86.9701 -79.1187 95.4811
25.8449 -73.6486 68.4931
-66.105 -74.481 21.3089
83.2878 1.34806 72.7257
-90.0575 -26.6371 76.1632
42.8044 -6.36605 -94.3296
91.449 -98.477 -74.195
-69.5272 -78.3973 -82.9779
-33.4109 -8.60854 -40.8779
82.1766 -97.8352 -38.9384
-99.6867 59.2925 59.9171
-29.4305 -45.1646 93.4253
-45.9553 69.7741 63.4118
56.1379 -80.3136 -28.7058
-32.8835 12.5641 81.6238
17.6151 -55.8692 95.1554
14.8352 -32.3793 -3.77774
-78.5964 -66.904 90.9141
54.8737 -44.7275 -77.0553
-59.2535 -53.4104 33.0624
-52.2008 -86.9939 -19.7455
-87.5688 -74.5777 14.8163
-54.2081 72.1601 -4.47223
12.1979 77.9281 35.6876
38.8442 31.4906 3.47187
-95.7013 23.9765 3.18075
13.6759 58.9495 -73.1426
-31.5878 9.13274 27.012
68.5703 -72.3983 32.9086
26.9084 -63.7236 -15.5151
61.2405 -50.0156 28.5466
12.5878 -88.5462 -85.9894
-21.2494 74.2998 -52.6203
-23.0967 89.1528 76.6764
28.242 1.21033 -13.3316
-0.878213 -84.9503 -86.2658
66.0943 56.7623 -41.3329
-18.043 -92.8339 -18.4893
87.4039 -42.2671 65.8664
88.7617 -95.572 -94.2116
48.1207 -83.4207 70.0558
76.5215 75.2644 -31.3884
-86.242 -88.8714 29.3851
66.633 -11.7088 62.9524
-56.2801 11.9579 -45.1868
-1.20338 72.9821 62.8254
12.8238 -47.729 56.7549
33.3924 75.5524 -51.073
42.56 48.5131 -88.3824
15.5832 -61.8559 80.9511
-74.2775 23.8247 -15.6992
-86.0808 -15.5211 23.2489
-12.2924 -92.5895 95.7787
-41.6877 -11.2281 59.2237
41.1306 27.9489 42.0427
55.5398 -9.32957 -80.0906
35.0931 61.1224 51.884
54.25 -22.3256 -18.3441
5.39796 57.2485 -49.6161
-98.3356 26.3419 36.978
69.5347 -74.8994 82.6223
96.925 -49.1212 -19.7136
-2.00275 -31.4339 74.4013
41.8802 -83.9258 -51.4584
72.9384 32.0529 12.5671
56.0293 58.5719 81.6239
-2.93103 -3.95878 -69.0536
-97.3168 -56.3269 -5.44452
13.9192 -81.6104 -15.4897
16.1494 54.1003 -20.397
81.1344 -58.3899 44.2251
41.5474 -46.7626 22.7067
38.4521 -36.5346 64.1444
-99.0931 48.4073 -51.4961
27.0538 41.3862 80.4319
15.7302 4.1931 -40.9357
65.3997 -69.6672 -36.6063
-85.2507 -67.5403 -92.3225
38.0722 10.5284 44.7551
-16.5286 70.2467 40.5112
-36.5696 -99.2684 84.2837
-49.5313 -36.546 -96.453
-34.2994 -18.651 -96.0244
-14.1206 -83.1159 80.5134
-1.27164 60.6595 86.5798
32.9984 -92.4663 32.9505
51.9892 -62.3366 84.0599
11.7726 24.8247 -53.5024
17.1294 -39.0024 -50.6838
-2.59778 -43.5143 -23.1377
31.6314 11.112 -47.7449
26.0535 -76.6681 15.4809
52.5287 -67.4051 -50.9469
-3.92393 -40.0949 64.9802
16.9917 -4.32354 38.2596
93.765 -75.9893 22.9681
-27.5652 4.24664 72.7632
-41.2183 -57.8534 10.7555
22.6885 -69.0856 76.7737
51.8871 99.3937 52.7913
35.9888 8.23311 -81.4325
-73.0374 -23.6987 -21.8496
76.8875 64.5671 -88.922
-76.1715 -42.8222 -99.1802
21.6036 94.0354 -19.8842
-43.9963 -21.8919 -37.1504
-50.8129 71.4642 12.5926
67.1421 29.2428 -38.817
-42.0487 57.2485 -4.60917
-96.5368 -56.7458 32.8562
-80.3478 -3.38989 7.05204
48.4038 -45.5585 -57.9541
59.4407 16.2614 -42.8067
-3.3666 73.5727 0.584334
-29.272 -57.0208 69.8457
-31.0035 -5.30987 -31.261
-99.0319 -41.5517 -39.3405
76.4752 -97.9452 4.83104
80.1391 40.9446 -49.5057
-54.6297 0.757497 11.2719
-57.7055 -73.8826 22.3273
80.1972 70.4874 -80.7619
35.6936 54.0592 -40.0544
39.0974 10.0734 -82.0769
-75.2706 63.0831 -42.6489
-78.9585 -26.3224 -89.1235
-53.5129 98.9189 -25.007
-42.9853 -94.3066 6.07239
-68.1109 -52.7105 -52.5661
27.8977 70.5989 -32.6372
84.2789 7.06953 -72.7435
-9.67686 16.7635 -88.1879
-37.5929 18.8937 -56.8122
-54.7973 61.0212 -35.4419
-48.5319 94.135 64.2535
51.8781 -49.3497 69.9658
95.1856 -97.4666 -30.1734
55.1386 46.611 -49.9181
-22.8986 42.2056 -37.891
-45.7574 22.2174 -82.721
-41.8334 35.1459 -76.2745
-23.2155 6.74901 -64.1696
86.9791 -64.2125 -45.1422
-35.87 65.8076 63.2841
15.0938 -22.9094 93.5367
31.6557 -15.3355 0.41417
-63.881 37.841 -48.2564
-40.5335 62.9276 -47.3628
-44.8914 3.51546 -25.9727
-51.0801 -45.3918 74.607
-95.9982 29.7639 -21.0007
-10.4493 73.3995 -29.8566
37.5077 -18.7061 83.6287
23.8088 -7.12315 -21.7381
-81.2857 73.4821 -47.3989
88.8856 -58.4371 95.5093
-26.4448 -32.2278 85.4995
69.531 -49.1063 -47.3611
-2.95266 19.0494 94.4795
-42.2806 41.7085 -64.8125
91.3558 87.479 2.95293
-84.9608 -55.5161 95.9107
9.27721 -22.2604 18.9106
60.9986 15.5983 -98.9589
57.7003 -67.692 69.7763
86.6285 4.50897 -44.2758
-12.872 -42.2268 -87.2192
-46.6671 -42.1114 26.8553
78.6264 -32.8527 -46.0362
81.7238 -35.7253 41.6631
16.4204 78.8957 -26.4625
19.3978 85.6214 -70.4874
68.7313 0.744613 93.7893
-57.2206 80.8095 70.6933
-3.05458 52.5549 -42.8612
-84.8647 -8.90796 0.11868
-21.9118 89.2021 -93.2613
94.2051 -84.8909 -48.7868
-19.2101 -26.0126 56.2256
-78.1221 8.08653 25.0586
-50.0353 -41.9551 70.3124
-62.0221 -53.7008 -35.4867
28.8063 90.9133 -83.1251
0.835501 52.5877 25.554
77.5081 84.131 -19.7619
84.3299 44.0695 52.9422
50.6973 64.9224 43.7224
53.5688 -51.2324 42.3181
-63.8064 -36.3981 -82.1839
-27.8892 27.5837 -53.8448
17.1009 93.4315 49.2146
12.9945 7.69148 94.1283
-39.4372 68.0503 -49.1912
42.1421 46.6124 76.6287
-6.4342 -68.7518 -15.953
12.7684 -33.8587 -68.3905
36.0378 79.6665 -7.64198
95.8493 12.2955 13.7861
-71.1073 -77.8264 -44.2779
-28.823 46.1035 -33.7606
71.4238 -32.2115 -31.8456
3.57986 88.1595 20.2871
99.2266 61.8369 -63.7138
77.4065 -19.1746 -55.359
-41.7348 -21.8469 68.1701
61.6494 -98.0467 -45.7064
-38.3055 76.7791 -21.4336
-48.3514 96.2232 -22.5417
88.6432 86.6241 5.2713
95.3128 -73.4014 -64.2543
95.9433 -41.5855 -65.8938
-59.4766 -27.3285 -8.64817
-45.9456 -79.8103 -6.16925
-2.37253 -45.1178 -56.6908
-69.22 52.3016 -6.97408
87.2562 72.8949 -48.7908
-72.9632 79.325 51.4531
-78.3929 -89.3898 32.5879
-6.78354 -85.0902 -10.7845
-20.4446 -74.0336 -26.0725
-47.8496 95.02 15.4209
-26.3163 -98.9863 -38.8953
-16.0584 43.1014 31.7064
60.9829 26.0312 -39.5626
54.4861 -82.3959 -26.5741
-7.7632 -54.9502 4.9679
-60.365 40.3027 -23.9181
91.9497 48.7162 -21.912
13.7518 13.8912 86.7866
0.748052 -42.9999 -85.2445
-49.163 -13.379 1.57963
25.4339 -42.3211 89.6652
-95.2838 24.7033 -0.796643
8.29474 51.6679 -99.0138
48.1796 89.9489 92.2516
-54.5179 -99.2074 -2.56328
-17.3626 -73.9373 -20.1588
73.7346 -34.2539 33.3548
84.8927 21.1348 -42.9844
-49.3526 -94.8671 -54.9452
98.5172 77.7161 -44.1317
-17.6647 -54.1154 66.6358
82.0122 76.5865 23.8613
-66.2348 -41.8767 65.1764
-48.2777 -32.948 -17.2661
-8.5647 -71.8398 97.9751
-2.53142 -12.7842 -86.758
-56.7293 -97.5423 -64.7489
26.2424 68.7705 -54.6834
67.0738 85.7976 -81.9256
-45.5712 -11.7804 -59.0866
52.6428 -0.703111 29.2994
28.8296 -14.9087 73.352
52.9837 75.6257 -32.5122
59.0637 84.0178 18.5938
-15.1302 9.75103 30.3393
-27.1544 77.1679 -10.7879
-32.2845 -8.78086 -95.2056
-34.6004 92.4282 -34.2804
-62.5854 -29.4533 -77.0517
-76.6734 25.115 -91.2554
24.689 89.4951 -13.0657
44.92 15.0592 -37.1106
-12.1688 -62.4885 10.2756
46.7364 81.1028 78.3694
29.1646 69.3408 80.799
14.6987 -38.8805 22.3422
44.2832 -31.6506 96.7868
-14.97 84.2043 -55.221
90.1339 -87.2664 64.3493
60.3705 37.896 1.68058
-2.67364 84.1976 48.8658
-44.2143 92.5346 33.2322
-97.6441 72.9853 -31.7287
28.2649 90.7328 -37.917
-67.8851 -89.1505 22.673
-72.5257 -33.8636 -81.04
-64.8946 -41.9903 -37.8204
46.161 43.4373 87.7991
6.03689 -4.54453 -6.2348
84.8147 -92.5882 52.3958
-66.9676 68.5705 51.224
14.8419 69.4304 -65.3955
97.6708 -85.2216 72.3633
60.3376 49.642 -10.1815
-60.4588 -62.7455 82.5943
-3.48165 -23.3988 35.011
43.7159 -24.9333 15.6946
-39.653 -48.2638 -57.7111
-25.3735 -36.8894 -97.3337
-20.1147 -95.3138 13.8508
-13.8519 15.6033 -46.187
0.209287 24.6054 81.0012
-42.4257 76.0452 -80.8193
47.4417 5.7045 22.569
92.072 -85.8993 26.6836
-21.3275 -78.6251 19.2725
-96.573 28.7062 -32.3514
11.8697 -76.116 5.09836
66.973 33.6471 22.8728
44.0744 -6.12681 -64.5799
-30.3618 79.059 30.2272
1.86382 -18.3289 -40.8467
57.215 92.7442 14.5436
-30.695 -68.103 -11.3319
-86.2536 19.6881 -52.5368
-3.56753 94.4627 15.5409
-46.6076 -96.843 19.5342
29.1081 -38.4806 -2.30121
-53.1014 27.7339 -80.5885
56.1584 -82.4701 -72.8375
-93.082 1.67326 -32.5589
23.5244 54.0305 2.50859
71.8225 -21.1597 -17.5807
-60.7458 -84.6251 -53.902
-78.9065 -14.6176 34.3632
-48.2799 -40.7803 61.8558
-3.97404 31.2172 -68.9984
10.3624 56.2934 96.7139
-82.0403 39.9241 39.533
19.7306 9.181 -92.1509
62.0702 85.3782 84.0253
-91.5173 64.7453 -72.7299

13884
0 50
0 649
0 701
1 29
1 11
1 665
2 71
2 524
3 845
3 392
4 634
4 680
5 522
5 204
6 736
8 344
9 985
11 442
12 493
12 466
13 946
13 455
14 423
15 643
16 647
16 61
17 885
18 351
18 445
19 659
19 718
20 37
20 140
21 697
22 673
23 244
24 139
24 407
25 416
26 402
27 774
28 832
28 610
29 2
29 723
30 600
31 608
31 848
31 107
33 836
33 184
34 988
34 304
36 368
38 166
38 282
39 933
39 883
40 598
41 727
42 307
44 112
44 209
45 896
46 121
47 993
48 289
50 711
51 645
53 293
54 296
56 886
56 609
57 923
60 719
61 270
62 607
63 203
63 501
64 580
66 810
67 419
69 766
70 699
71 498
72 385
73 137
73 628
75 742
76 322
77 667
78 874
79 400
82 216
83 821
83 62
83 578
84 115
84 964
86 348
87 363
88 200
89 873
89 512
91 310
91 314
91 864
92 599
93 157
94 911
95 118
96 301
97 778
97 138
98 235
100 577
101 389
102 544
102 562
104 458
106 333
107 481
108 674
108 612
109 483
110 571
112 202
113 18
114 217
115 648
116 192
118 559
119 670
120 54
122 846
123 956
124 105
124 934
126 278
128 395
132 564
133 151
134 816
134 639
136 414
136 892
137 768
139 453
140 320
141 143
142 540
143 786
144 276
144 776
145 331
148 590
149 172
150 69
151 997
152 371
152 87
154 750
154 950
155 108
157 999
158 291
159 464
160 514
161 31
163 150
165 773
166 100
167 903
168 783
169 55
169 705
169 747
171 263
172 943
172 839
172 963
173 265
174 568
175 258
175 194
177 248
177 39
180 364
181 308
182 220
182 940
183 439
184 937
185 175
185 398
186 823
187 212
189 42
191 987
191 46
193 459
195 221
196 429
197 644
197 148
197 475
199 213
200 712
201 528
203 576
204 706
204 470
205 977
207 156
207 968
209 354
212 450
213 586
213 126
214 781
215 532
215 686
217 828
218 193
218 6
219 722
220 149
222 970
223 708
224 542
224 957
225 961
226 462
228 381
230 158
230 944
233 488
233 299
234 517
234 257
235 288
236 787
238 468
239 656
240 626
241 537
242 752
243 739
243 770
244 788
244 695
245 16
245 882
246 433
247 661
249 432
252 43
253 355
253 860
254 749
256 976
257 996
258 862
258 505
259 495
260 323
260 343
261 41
262 173
262 27
264 745
266 799
266 930
267 191
268 449
269 904
270 208
270 73
272 730
272 496
272 855
274 672
275 374
276 863
277 503
279 632
283 569
284 636
285 215
285 738
286 807
286 76
287 329
289 808
291 484
292 965
293 681
294 169
295 765
296 467
298 259
299 709
300 426
301 440
302 755
303 256
303 130
304 982
305 443
306 124
307 30
308 315
309 324
310 812
311 219
312 285
316 630
317 889
319 380
319 631
320 713
320 266
321 268
323 592
326 237
326 195
327 602
327 731
328 975
329 772
330 740
332 128
333 295
333 410
336 678
336 482
337 162
338 793
339 490
340 284
340 271
341 362
342 511
344 313
344 494
347 56
348 275
348 595
349 12
350 393
350 357
351 249
352 435
353 24
354 641
355 113
355 378
356 698
356 421
356 246
356 744
360 8
360 131
361 102
362 486
363 272
364 779
364 460
365 519
366 240
367 809
367 818
368 35
369 33
370 910
371 932
373 951
374 691
375 123
376 567
377 197
378 515
378 627
379 28
380 842
381 279
383 417
383 764
384 822
384 693
385 502
385 720
386 312
386 834
387 922
387 688
388 858
389 942
391 346
392 350
392 347
392 887
393 227
394 474
394 188
395 127
397 966
398 536
400 96
400 181
400 146
402 584
404 386
405 700
406 579
410 666
410 594
411 122
411 715
412 844
412 332
412 431
413 958
414 622
415 51
416 907
416 297
417 743
417 418
418 306
419 267
420 733
422 397
425 387
426 969
426 340
427 962
427 273
428 893
429 582
429 527
430 178
430 833
432 22
433 44
434 721
434 441
434 167
435 646
435 280
436 927
437 25
438 180
439 15
440 183
442 72
443 992
443 856
449 611
450 769
452 247
453 538
453 757
453 591
454 316
455 287
457 548
458 760
458 318
459 349
459 471
460 516
462 303
465 872
466 978
467 198
468 841
468 763
468 408
468 717
469 685
471 909
472 356
473 101
474 205
475 523
476 557
480 135
481 82
481 926
482 762
482 446
484 336
485 233
486 660
487 619
487 924
488 80
488 321
489 302
490 546
493 413
493 479
494 510
496 228
497 84
498 182
502 91
503 159
506 771
509 819
510 64
510 849
510 500
512 980
513 925
513 735
514 797
515 790
516 201
518 224
519 919
520 19
521 928
522 109
523 981
525 243
526 117
528 40
529 448
529 53
530 657
531 899
532 854
533 566
535 338
537 894
539 716
540 683
540 539
544 207
545 74
546 376
547 252
547 424
548 671
550 497
551 88
552 507
552 879
554 111
555 75
559 14
560 366
561 452
561 847
562 469
562 825
563 457
563 409
565 367
566 758
567 843
568 480
570 990
570 676
571 556
571 170
572 751
573 780
574 65
575 89
576 292
576 782
577 880
578 868
579 616
581 179
581 377
583 840
584 989
585 588
586 67
588 98
588 168
590 163
591 171
591 563
592 97
593 372
593 26
593 878
594 23
595 326
596 929
598 52
598 345
599 379
600 530
602 971
602 640
603 938
604 436
604 461
608 250
610 491
612 617
614 242
614 767
614 939
615 370
615 725
617 365
618 637
621 949
621 756
624 298
624 629
625 638
625 444
626 853
628 794
629 811
630 1
632 791
633 34
634 411
634 558
635 710
636 995
637 575
638 132
638 623
639 565
640 360
641 875
641 535
642 587
643 526
643 261
645 489
646 531
647 901
648 129
649 352
650 704
650 597
651 945
652 753
653 518
654 973
655 434
656 635
657 703
657 615
658 551
658 229
658 898
659 917
661 651
662 545
663 465
663 890
664 658
666 614
667 86
669 388
671 696
673 234
675 947
675 499
676 734
677 451
677 737
678 775
679 952
679 472
681 174
681 85
684 487
684 668
684 59
685 792
686 813
686 245
687 401
687 190
688 430
689 820
689 147
691 165
691 79
693 9
694 838
695 620
696 412
697 669
699 785
699 66
700 593
700 867
701 145
702 236
703 959
704 152
704 476
705 396
707 748
708 199
709 869
711 830
712 223
713 814
716 335
717 653
718 861
719 141
720 4
721 633
722 948
724 189
724 161
724 373
725 210
725 438
726 104
726 692
728 305
730 881
732 682
732 391
734 176
735 851
737 238
739 358
741 78
741 675
741 269
742 185
743 57
745 5
745 328
746 283
749 541
750 93
750 251
751 870
752 979
754 32
754 684
755 327
758 865
760 337
760 729
761 311
761 642
763 230
764 994
765 663
766 549
768 454
769 662
769 652
769 330
771 164
771 415
772 206
772 972
773 359
774 68
775 726
777 800
778 888
779 281
779 798
779 342
780 754
781 561
783 70
784 7
784 795
785 177
787 852
787 728
788 325
788 406
789 900
790 125
791 918
796 650
797 679
798 552
798 277
799 513
800 583
801 831
801 534
801 154
802 573
803 504
804 984
804 912
807 319
808 133
809 361
809 866
810 801
811 850
812 92
815 876
815 341
817 986
817 589
820 77
820 403
821 908
822 106
823 655
826 427
827 974
829 596
830 384
831 231
832 508
832 601
832 677
836 817
836 186
837 116
838 390
839 375
840 286
842 38
842 915
842 382
843 422
843 906
845 877
846 914
846 294
847 806
848 560
848 859
850 689
850 196
851 114
852 274
852 290
853 222
854 10
855 525
857 826
857 920
858 954
858 805
860 405
861 547
861 574
863 420
864 58
864 707
865 936
865 953
866 815
867 478
868 905
868 334
869 824
870 955
871 895
872 394
873 603
874 119
875 309
877 404
877 570
877 211
878 983
880 49
880 3
881 47
881 456
883 935
884 803
885 837
886 142
886 509
888 921
889 21
890 339
891 585
893 624
894 60
895 264
895 714
896 913
897 95
898 45
899 253
900 784
901 690
901 36
903 891
904 99
904 520
905 300
907 796
908 254
909 702
909 827
913 871
916 664
916 991
917 136
918 425
919 17
919 618
920 529
921 437
921 262
923 48
923 110
923 554
924 916
925 724
928 492
929 83
931 144
932 477
934 759
934 232
935 884
936 604
938 214
938 613
939 20
939 789
940 902
940 654
941 399
941 998
942 941
944 829
945 485
946 960
947 225
948 239
949 543
949 897
950 81
952 241
953 802
954 260
955 555
955 463
956 447
956 255
957 13
957 606
958 428
962 353
962 694
963 506
964 553
965 581
966 533
967 804
968 383
969 835
970 369
971 521
971 103
973 967
976 741
977 732
978 621
978 605
978 153
979 63
980 931
981 317
982 120
984 160
985 550
986 134
987 187
989 226
989 746
993 857
995 761
995 473
995 572
996 218
996 687
997 777
998 94
998 90
998 155
999 625
