27.469192570619455   17.975432921043605   -8.813831036949878
20.673654620844943   -62.53245176283948   42.68050466966068
15.387304329404657   -55.681126020630956   43.20194712107207
74.94575901529413   -36.37214524104782   -60.53973079122896
75.7291267908293   -15.34380162302584   70.37335085241514
22.327320261579416   -84.01188342645546   -18.381640306894596
-89.70808673691374   21.749780494500158   39.30590254169306
67.87767271844041   27.9079694810991   -37.2245418633969
52.08700882285166   17.76001701818892   57.13647889655746
20.212447638374982   -37.17273275812458   4.094424341736442
92.18711962998441   -99.0716204066207   -53.16248709895915
27.24191844215234   -54.27824887096862   36.18975670244075
-60.38136195005097   64.81216168177843   27.947381942953513
86.70623086466546   -84.58501387583466   59.647368019838666
-25.482117865276564   90.83043391408404   16.841018109973646
-57.13756625902262   33.70093077892054   23.384202011045673
62.725284050102346   -90.50112225973537   -18.23802941120934
83.87066848897601   89.28472379135252   20.644618580517246
-35.84604121571142   35.19434616569859   43.46685410812478
88.79906953587309   69.8122001030734   -35.22781263730059
44.57964350432681   28.57592385314865   -32.12122541497288
-53.512151439845354   -78.48588152505486   -6.29369849251691
-46.64081043775239   51.23453579204059   66.66013502432733
46.5171392576942   -26.732798247650337   -48.137773789839414
-48.92367607663086   -79.29386335385267   82.30537239888079
-41.79148181612613   -12.609449624315346   -16.19394440297212
23.24623416024461   71.75667162771288   12.325501632475564
-49.16082797636603   -59.14546224367558   11.372290286848454
90.35633864792919   -51.282466014143566   82.1962291241862
17.146247127710822   -55.504391100137006   43.7196985117379
30.176568423401562   50.12953224110501   -68.87656502703665
32.45885244195699   86.29022277242919   -63.89205727999154
-96.92577348010718   -67.04661094778945   -90.15175237690971
-57.176815182602134   50.607657470858584   -73.1582556911141
-82.14948913649451   6.489965033658123   -37.17327414495135
40.771507903187796   -89.53757802573843   -9.942456634793004
44.649871435205995   -75.27589204986612   -23.61248358669134
54.681641660060876   27.871235585557685   -20.91985386791255
79.36054795642019   2.4570913329198873   -32.19727902525314
-28.627025427491404   72.69670975018886   -16.917749854072014
84.82543530631048   36.57877795615127   -81.02744548327095
-66.74679492817839   31.348577268435918   -2.4504011884737054
43.081881168375446   64.15364789376775   -58.42798142314838
51.18912772840309   90.06164295196112   -18.472171763148566
-83.35962217350973   -78.70377547266527   -17.44399373034578
-30.842555313387464   -82.57772625750107   -36.09165056057522
42.23951400440785   -95.03043343753336   -68.38837160130633
-49.66638853069738   -26.75430020855336   67.89520916913895
-0.7619086421843093   -6.885919442001409   -90.52567646903167
80.36399625016782   -10.730647020268108   -60.23394500701627
27.2017178902193   12.637847110742854   -15.033212674673507
7.436028776063154   2.6309452058561362   49.77096246995737
96.66011789487243   41.472294961539404   -73.44601814785389
-92.69913664195835   -47.40583784509531   77.74160345282115
-86.07511789814255   1.8820923495205477   -68.66033874776136
67.80211422659923   -62.156096820528894   48.73349562745952
94.07726047516579   -72.54970166695323   -76.29485447723137
-4.837679346377428   -5.821878393282404   -82.01329687718993
42.21028014270465   -50.63121474890329   46.9858261078771
-52.24365633205315   -81.81284775171318   -80.2300094950936
-82.50770421756599   -95.09541053248505   29.232528871541035
54.095978063040064   -85.55178320285206   -9.574275584011076
6.603797364780689   -15.467969327170337   71.80001605027059
-19.900473487525304   -18.303078738905043   -45.97286291922742
70.41417516625472   18.73267601045714   90.71396144241922
77.69877450881339   96.27352394213199   -30.283242048412347
-62.01366207700951   70.24281926578817   -24.239656237880183
17.70951377667049   -76.04618975391988   -84.74616049427092
-26.00278366081244   -44.27132466683843   13.960080824135616
-5.221197817287646   -47.66070928634187   -35.467979352702315
-40.28049798791249   76.35042280416948   3.458269815779076
-0.7160272566651145   -56.513176860040694   46.11056351473928
44.92829551616384   -33.92709262578879   46.0633279252969
61.66199625458498   -76.29037733857402   11.893024104551486
46.68077302087747   -62.63199731160336   -92.99499158244318
52.49575814483558   61.04405760139494   90.34887507078838
68.38928599822589   23.97036020247114   -74.24522818379471
-22.788096552934476   70.58357349676803   68.2661118274857
85.72332396041878   24.217207736513785   15.840465134148758
-45.03057691803465   8.15495553106014   86.06004475784286
-22.271791569601334   54.78131964865622   -71.15724393187944
-96.60802869741241   87.66647716152772   -27.45369924309786
43.79731368643752   95.888881066231   -95.42637246861239
12.683241043330824   -20.444961050807905   86.19304520084395
51.62273452845159   -20.198066848794255   2.520160905863804
-99.939339489301   -18.75918933757781   60.18095813580865
-36.4871742673293   58.96603106642803   85.53002516329943
-33.291235034085204   -2.4048966843741084   44.90601839450548
-23.087138369949628   -99.61790686459749   -84.84944639035805
41.40826344502895   74.18452210475002   6.501322182291446
61.26473762979228   95.75405702236714   79.49478136851448
54.88627994280208   -45.21952672358152   56.11600355805126
67.61137875382025   -53.993252683040915   72.78755892099252
-91.08438014542284   44.293985153497886   -63.33766455570924
61.95314126592825   84.03050435091782   87.96830440815108
-44.04817972535429   99.97341918894088   19.65978868299281
-54.25999182216326   -1.143703348912851   62.83209974557872
-77.9363453612793   -18.653554270331554   -28.055384153588008
-90.8953401465807   74.75114098074988   6.797673929255026
88.02445884704082   61.00743962505146   -11.970005840889854
66.5276622412845   -3.6015504951877375   -33.96572685903949
22.36696347993039   70.16243513451576   81.72355107321019
-41.27721070795685   8.495992260966446   -48.52493458660447
31.38860543818339   6.946830412263097   18.5395321461977
9.55520572849116   -73.51546835965681   88.02742844603543
-15.777288391371428   -16.010742948467936   -98.09603368515405
34.51069880538361   -24.997280087034568   -15.660321747991773
39.84362426704402   94.17441429089419   -71.93335376214023
97.79252258440087   90.60216991851539   90.17031300514867
26.94628514829776   -85.6725285058022   -32.66073689722752
13.7326229180388   -26.051757813247463   -80.58443818589826
-10.215478796442085   -29.857538278894197   -75.25299894478788
-87.35660076428813   -91.48506125095801   -19.50618744647987
-31.768606814962453   45.04976611657702   35.23672594473342
-4.172553653428764   57.39977646314898   -40.95238933455134
62.309339454777756   -13.433304014334553   -5.3365719780237555
96.61412603231093   80.8189862969875   8.757042493918405
-38.07968576592733   16.320461010793338   8.429862894857521
-29.231753123533124   96.56692887271242   21.582097933536673
86.17941910877508   5.0864860505189995   21.622368857866718
-84.39582240284172   10.986819862817512   -63.604317774960826
36.88914763587405   -93.87246813341473   -75.3346582620122
77.29236933149963   -37.32910655059951   60.91020511987011
12.498683655563042   -0.8311823398052383   2.873272925162439
-20.348541615490205   -16.959478942758707   -88.40426015624121
6.164210631495209   68.86436482808236   2.2392137018926235
2.44285414092748   -88.99236107760682   -59.06836797498332
-33.00439388525602   -12.152692338092194   21.53087008192756
-35.00406753164698   -20.172625500269902   15.275819863583934
71.19627262404964   -22.460880012896283   4.518935569703203
33.29544646113703   29.90285432049299   26.876747440339656
51.78788418766584   34.31497712401318   52.667932444333246
-69.54949773738937   82.57854084254643   -93.56630772971862
4.339952979883563   26.469270679642577   -92.44046474064507
-52.487873595060904   20.019385498788097   -81.90368421147221
-48.443689050082654   -11.304788926099647   96.90283541885495
87.32425384508667   80.1090292072005   -48.56588062439471
44.341994869789914   -71.63620175629781   20.34883575632405
-92.67633537312831   -21.792286884331574   -16.846213374671777
-47.14243639830169   -82.36469202965868   80.36175494446627
45.62578656961094   42.130504475760375   -24.560091764506353
-98.0181447345051   -85.50209849007283   44.895921061254825
96.28691673247985   -84.37351663871189   -66.84875480525356
-93.79341259144564   -55.13550061764248   41.56866874581033
55.619747334515694   86.78198055646007   42.24436163352368
47.946852288635654   22.870865864803207   -1.412324727818742
-43.41284161513181   18.613324837154607   69.93454605616165
-47.42214822605171   65.19156405650725   51.546890035960416
-20.787512017061175   -54.31823427332869   -30.699900900634674
0.9242308572227955   -44.588110331449   24.11673569737131
-14.67443387844078   -40.81471232717495   -31.429573735366816
11.216634443214275   24.62475063223262   -90.48522618663308
-27.732299738658924   -0.19096819414268396   35.9616127728973
-36.20131392426469   82.88852024142591   20.588949450603906
-88.06853329162567   60.12450008174568   -44.746757197486644
75.02805456336864   84.18309557586298   79.60171777434414
-18.38007639635866   17.308231143808882   -37.139479479348104
-94.35491364530692   56.96797019247765   -73.95957801160964
43.10201983275448   -71.34424737380607   99.46762249506622
89.5123933493004   85.24598114604797   -88.11029844288424
-45.50324008817377   -79.464699498771   25.808033677138468
35.32660793412458   81.30998215603717   -56.079614881472395
-1.4448303912317044   -74.54763198402273   60.09641723394077
-21.010177360045134   -48.04611836156973   -39.852909070809204
10.902005435125673   -4.316775512513132   25.712195134378362
-29.41651428739563   9.051127326754724   73.18190929558847
77.13686113034137   -4.4249528993599085   -25.175036944887836
-61.391333836808194   27.013427991539714   -28.21022929164765
-59.176337321696494   76.97647262015869   12.887745476602433
71.73594952192161   -56.59262127166751   42.69750857651019
24.430184817920477   -49.295077714457136   -99.6954515574422
-36.80533534351929   -86.25257596733884   68.14491593634625
5.26909176600752   -33.85767475531895   27.266469402970614
-55.2896152203117   -41.22719268045864   -0.9497352251108566
-87.88440022323898   -29.503182095704844   86.62529288387125
70.40240423997992   41.2758095385922   66.02680380886159
51.835221981452406   -24.456784126800343   -24.83193719398986
-37.11981829917252   63.65715781126798   -20.3496525883603
-30.524421357725686   -26.12610572678848   98.12409252824096
-40.97523201376758   -62.27163141833092   -64.49972267745312
75.0711289460298   50.11613167377104   -82.00442285050914
-69.4006493560002   12.443247146780266   72.24465082187223
1.73711592063583   -61.964537832233944   27.19051921349522
-54.74002132248543   4.732498162551252   39.81393390855362
-72.827904274003   43.95552760027991   -88.75331907344952
62.31319381632255   41.18628189643698   74.96708272498148
-49.01710785790503   48.65486934766267   -54.081832360504876
65.51358884138631   -83.50610678746644   -72.90967401610064
17.23225640100037   -9.434561273794941   -67.27429668950478
36.00023276199832   72.9297229821556   -48.188258616456636
-95.85405907900979   65.42383076515105   46.08290766867279
46.80653054207028   -78.11612564756318   -71.04665544324682
99.7301352711068   60.44211622283942   19.46400845933556
-74.5808498990354   35.358791941398124   28.143660308246353
62.26901367331132   34.591328405751426   64.71184805268913
-89.35941325422732   42.09794710001901   90.98132918072776
-73.76276453215084   74.33095153192934   91.68981709728513
-22.09581555281713   -67.08372727775685   -42.33525010939905
-84.56769615852446   -26.263615536921577   -64.65098146153485
9.673663829867564   -86.03216911976983   -77.58073253243785
-20.377069371207696   -94.76822134679298   -97.97360082628614
94.59440368909475   48.124969888599054   -91.54205874927061
-83.47276594975305   -98.8744083053893   -34.217984393099414
-24.989284816891868   -20.6777346199392   -49.88911354653902
23.71962533322312   -69.9691330558133   -22.559256125135747
32.222631215567446   -3.3110978217719236   -70.51866283543686
96.11365702983008   -72.02939788501554   14.712688705716204
-21.627044618292658   15.424012592917464   -41.53494995765197
76.68261805750515   -69.93753184524434   -4.905702630661281
-83.33492248958399   -76.5657871640017   -37.62190190821675
39.536845726347565   35.2840905911205   -83.61622674958629
87.00755579711756   -23.328745551120832   -27.767947030078787
65.99564885789641   -73.83567007054945   -67.83107134113789
8.379092026474751   -76.51173338281419   -71.85046050552126
19.172873233213977   93.07273877367672   -16.123755416486404
86.7729137974502   -82.53376700763454   -33.81352227399587
37.91247797487259   80.13854131811834   -92.79439034384194
-1.075012256315432   58.96486836731742   -27.816621038661765
-82.30083564586828   39.17027235407616   37.37796008132267
11.222377123137164   58.75407862975345   66.8401980754582
-5.375002758868774   -53.65304271403275   32.46624246320019
-83.44507958476505   40.95472829140138   75.24751140045822
-27.647941266181846   83.3235194759001   -86.24522172341769
5.29163988059355   -91.1950032465676   -92.68651436655455
73.69866098873024   -93.06585386970238   62.058698547110566
49.656965615936855   43.3026688418839   -1.8560400091772493
35.71972259665017   57.146798748415364   16.279138286279405
73.45749421886774   -58.71537678369525   -99.70082108702888
-24.703783032871613   -37.78110153926717   35.887019063073524
-16.536965729168827   -87.59599325264224   -55.92316706249962
45.57011250701629   -55.04227775475841   97.48419871624458
-83.80905934555474   72.82451990750803   -57.58279214335524
-33.78904267767402   4.222675981644969   -97.28725024125333
-26.76265663013777   76.01904246299432   -64.85345766590123
-69.10402108900861   31.996115035153764   52.01503330716838
-92.96174724845143   93.65915048305641   23.86080315839196
-99.86120945573802   6.781803487169299   6.500531914158188
-80.76003096486568   32.627710833101105   98.68906678570434
59.39036411384288   -75.79440395419721   76.79458296323793
-18.02958591412815   90.87418390472433   41.547485155348625
-11.5235884540094   89.8509347916762   -78.1978618815777
-69.4247250149989   -86.19800871884694   32.9426014604023
29.88761066056719   -0.3687610517244764   -34.9896426944907
-3.397590760168484   -30.11166857077758   72.85243285667079
52.77945623988029   -33.3594257593639   -60.898472626626756
70.4238857719628   -94.06423757880987   -28.63140164446871
-83.18879029708053   -79.24584324568644   -8.748874244761168
9.518327883611775   87.36707801381519   -28.63363861102816
-27.213236169309596   60.04577239803041   -23.347634623290304
-36.34516126893092   50.983291749307284   50.713284083568965
36.12650166190511   68.60185665438553   -71.53706933067141
-90.35147792124991   44.564690222347735   -37.057961328590274
57.95285049231137   97.90298104171566   -17.080016394033493
-11.339886114972543   49.54426960207664   28.360379637378827
31.04656614936482   -46.601429648620886   76.61520710878983
2.87386730869477   0.6344388622670181   -18.941057197974402
51.23192338743138   43.10703023478953   23.838290750308104
-72.31711276894126   37.016527903108226   42.423924950973
74.98583488275784   42.83214680783533   63.54557045789619
-80.17638328708621   92.00230691843424   67.3364440219375
-65.14042752821148   -31.516739267158812   -37.2476616344257
-72.57592615580874   23.853260246617666   10.225835925768848
-54.67636845768584   -47.03843960472183   -3.4949890885950623
-38.8083962904187   -83.0519050960834   67.64972713373962
4.175305399233139   -87.13697837156482   -19.579742590776505
-44.383357533599835   -33.640002555416686   2.59755259805614
45.77568094777354   64.24399866337185   -41.33896864095183
33.81411455520919   -74.57754423343341   -70.72892753015233
-9.273310292381481   70.28596593298647   -78.93358219642725
87.15161023631626   36.26533653736033   0.143064298388353
64.85503427660532   -68.33505792946937   -7.565390691714029
-20.049687361896503   34.98969707116035   90.80746048544643
-36.55632309790864   -15.452498727650976   53.349543304553094
-51.60246824642296   -63.73619312754444   74.64571215063219
-79.74427043149433   -11.048904983235701   -5.16381483442656
-36.69453777769718   35.80987704604979   93.83677259673868
46.321736081384046   73.18003487678408   43.43775112896802
93.6538100945408   86.79317268114318   -70.4945594740974
2.2654650748604723   -79.16885748909488   -58.93444720158585
-26.152112893782032   -42.240297151271044   56.25137267166477
-17.15408638956579   24.30923112246748   9.050564497180957
78.67276001513673   67.83702958670452   -92.10296260579447
84.00628379778712   18.783605608687722   -20.8147884952091
24.81157559319233   39.74078761308303   -20.974462604792706
-1.5329253394346978   44.47039680106235   93.08477302841939
85.34069984607032   -69.78419001048653   -27.653593254510156
76.43780070027543   9.023270889733766   -79.98274189794678
90.36817792350448   -69.34767778283765   43.11235997838287
-79.07206920047207   87.00081458957649   20.977473142738077
1.417397138784679   0.9941317283417277   -86.32098038684066
-97.98254625777516   -18.38538542975712   4.992585214073671
40.75325665688891   -96.55976420256268   92.3160045096565
-32.222326254663386   -34.533508432233134   -51.09528362287881
-88.4383238378771   -32.130338187379365   72.4600100204342
76.98648809715144   -47.56714013775696   36.7900383199011
24.26586547690954   -30.728393054020103   -31.255723770574107
-86.21065552361837   -8.537698830926558   -58.47160850429851
-23.224457260718935   -14.925394229337414   -15.147261340892456
-79.21393137750343   92.20704109876698   61.777120613052574
-16.592633311227516   69.3170804813335   -58.38525834276336
8.1849548066143   24.54045938240361   77.91601383770464
-48.155786176543415   0.5493384940759682   50.40763357196221
34.46535059653107   -0.8013673517739193   56.39348645112051
42.33339682005965   41.346725129153924   33.42664118079952
-92.87147391713918   17.946869056795833   -51.37394132716609
-81.186757948343   -13.671234536735426   24.28491377647532
-26.825042437559873   -9.588932072950811   -78.94557863724336
35.795734654301356   51.034102500270166   -64.55114279637661
-86.65716289059063   6.276759540264848   81.4446985836527
-55.49341547512421   -71.58261809074895   -38.87102828850932
52.86900526400234   -46.684460731097154   57.78321746219649
-6.50241075507823   52.60969041711189   73.41240661064984
73.52606058274029   -60.27955758157448   -27.47172220238035
70.20877107899867   8.390939147607625   55.90243374146098
64.92049775449308   -52.018909024224634   57.09258050711185
-95.96290644268255   9.212187876616767   53.83354763961813
21.19898790973255   -72.63986652217977   22.473735970764693
-31.30457040072831   -72.18888115357389   -4.7299592833964965
1.5518723998773538   -95.42382637156565   78.13234088717985
90.47162593766558   -1.2644858788707296   -69.48897567188217
58.94743915195335   56.97454040073649   -30.44167638546702
-17.52340961367871   62.87961216430239   -87.11912892955816
67.62227978289232   23.90431824038859   -66.94430382119785
-77.1079670484415   -27.624187817192023   -37.388144288039356
-42.08821516353707   -69.86528006606616   -39.5076186098883
40.47715881868058   -40.36762226317998   -58.25330006776404
-77.02904983376195   44.40490917066802   96.62784161100825
36.65623268828904   15.493663588565624   39.53472749708769
13.896213137552095   -78.81947679931653   -6.602321009683763
98.75337626722524   -70.3924544664317   40.56948517420159
45.63512873760084   -70.54921946321988   -38.21886555911238
54.54730419122572   9.56001926898655   -4.231909202724452
-46.435231831474844   -23.94385601374158   30.309783341160397
29.35823091678924   -30.114003566365483   -29.817281892489774
22.672611399253782   -0.2105975540201257   90.26331341981074
67.34218204270888   -89.61824316907432   -99.37013640854036
23.639214079331822   -91.06869826898355   65.32907596684103
-13.105430749545775   -85.70518909754763   65.8654264132467
-99.63222947993941   -41.61107922063829   -30.194258398248536
-1.678109491684637   -54.84742543756362   -54.217920968127856
-5.80847676994054   42.451164222715164   95.91397387059405
-15.741451380285753   39.91677123341134   -33.31343514066596
66.66445709839775   62.490885448822326   -97.29566550639213
-54.38971965616239   -28.62589287309605   -50.29051583923094
64.73853716672465   10.309056786478195   64.08150658471757
97.24926400846635   25.22754646456491   -82.48084872466926
70.20758498504159   -17.909836169919146   -89.93728014234517
98.96102796919149   -56.792215055505466   -88.40154584717774
-45.4358712943631   42.087666046034315   99.07917814964884
-72.90005381440534   59.81663766209951   33.28813092787118
79.44497764790478   -43.014018206138594   -80.70115143063232
-30.420487071280732   38.64657391840251   54.73761737072812
6.987178684763677   17.51871670111052   6.470347618646471
-49.97608738506854   -68.7849660952682   87.71751594626667
-87.67578501638795   -76.12367273003026   -44.84006804078453
-22.26768174166662   50.749408620696926   25.43572417153237
-85.49541041829332   -68.45748390641899   7.8249566882505235
81.13881631102817   -50.81701261425127   -67.57867099873272
7.228757796544528   -40.785555825659145   76.13712566843546
-26.4374025117893   -6.4987734830088755   76.93164364739002
52.66900786299033   22.186041732936232   46.17642698271973
-42.84060743457621   15.27081482082724   -50.18956530086596
-13.371500347068405   28.252407265556826   -28.85769963269982
-38.388407521085696   -10.552009985492731   50.315420543145706
79.14900685208252   57.18811081933313   -87.42692801164475
82.32205156772406   83.92343605794557   39.17116982615801
2.331434770889487   93.3167667596185   -67.05574479251976
-30.816544002773938   15.756373193696433   -64.30383289552486
34.54793120700191   -83.41322861912846   -15.770333251601357
-55.589492990302205   65.02163355316804   -70.02577351745441
15.275939418208281   55.28267343105787   -95.17739519807282
-21.78966316914186   -3.1151365943197504   36.98654635872305
29.617129913017976   85.95877307271908   29.34120275227187
30.621304647867845   88.12905729510697   -41.957196186262216
-37.41876745673196   25.72725704520326   82.32359705216851
17.868469587140837   -7.030953229466846   12.57436531856601
-21.96900335781764   -57.252637315679735   -96.13259153790369
-27.05274265853504   -59.51025184290917   -49.37918753410968
-17.600231030701124   46.806310118683086   5.080312430629647
88.19058775053657   -56.549203243010936   68.9122864940089
81.29187559987449   3.107517531738708   -56.44965860139073
-26.92258930799551   -41.553563568091455   40.1088030089706
93.65037428869545   3.5886597214048095   -31.828475360938796
-0.6884056331204533   8.555268839588791   -54.45331486128335
18.844740993924944   -14.157463834643849   -8.472169455875147
58.020628342240855   -27.43901140954621   53.14381804692803
73.87143475244616   -50.285139625490174   -30.09249732373982
-24.211329471277708   -64.7252549885214   93.74167511154928
-53.50552966063849   -63.51727397301477   -25.8564074088018
23.23950664816023   68.84092483873644   78.80835800809399
-94.30326135123062   -53.39487450773688   97.4740021383914
67.08098293673851   -14.72991629233293   -99.96984409143175
82.72991625146858   -43.521592918129116   -81.60734711277864
75.13804546513501   -46.84036616169127   -91.69177571026216
23.48755435774686   -13.555110312003762   -59.044567582937816
-30.245190697358936   -18.018422424730247   20.286145857606513
72.93908075241865   -67.77744600725084   31.282581821110426
-23.649936549204682   -33.92410662749302   -93.46947611293619
79.81479026218611   43.669161112827794   93.66090355522638
50.34877557986508   79.17340323024393   65.44287051045347
-48.952091998438284   6.384826555608186   68.76477638112402
-98.45260136139248   72.87182605580281   63.27413836897259
17.28356997235329   69.26715338047464   8.721918098909342
-26.17752125929738   61.87535705238403   52.79100915391268
70.40537685163565   -40.8046501496546   -25.510305773076297
17.87073332880989   63.51765747500039   37.785360286071665
43.54077557297515   -50.096898413022075   -40.19355938089393
-56.309515283373   -75.80303543852511   80.27819359393635
45.412280446746934   -63.02178452381977   59.05817824195708
-64.04495053075323   -88.87817956994535   66.88734359555275
36.90700631168198   -28.81309196994006   -31.910102796882995
81.70041434028988   -32.60215887861099   63.37379503105328
-52.559797697409216   -38.48557383980344   35.58511457475154
-59.2946803129895   56.24107911989984   49.17023569529627
84.96127820421279   84.56576261481143   -48.6540418440351
3.6052904449203993   10.936234263463689   40.31382702131211
-36.81512383297027   -13.01601568208693   -3.6265307720277917
-13.370607863245326   -0.7598876193595174   -64.58900399648202
-28.68848844681608   -7.844933062380406   -65.96086494618245
35.283188608895045   -79.08812457224292   -78.11232962967765
40.98178865482009   56.86712324749513   45.56357456462729
-74.29041193007065   -69.25391678250313   9.061888211718738
-22.00754435798065   -41.248622610803174   -81.89909457459979
-20.074852300919503   85.20830274861439   7.587821547955983
60.933653609434685   74.47387435598321   -9.549041838184351
-13.492666533649796   -57.769246016133245   73.9302567662574
4.261365077466465   29.963524822290026   80.23440520596989
-60.556922046134076   -60.09654198928387   79.4822675971345
-69.84023837124371   71.55164702294365   43.17479906688297
-62.36319705905786   87.65061419412626   89.11906663852136
-31.302308345267676   -33.31753966609705   96.02080819586308
-61.653277255935215   -33.462058275912284   49.05402491498381
-43.10524877051003   46.29087534054216   58.19363329704922
-82.4469535708854   -75.7706399451521   -10.718043556273955
-49.23218544947932   20.42318649160447   -35.98612884973957
-1.0498220200297226   27.8820928377219   17.867290497630123
-52.78645323760791   -15.400825001815093   -67.91399094151573
-47.13762378422961   -16.257765713259346   -19.791419000365252
53.67669265845859   42.99371037532694   -75.3153926542896
-62.68155179179411   17.74925292255783   25.827075407768433
-48.13334072545046   4.270100512468559   49.29141445760769
-46.14867759314487   20.342700988288215   -20.48750233377858
36.02152158513846   -40.887496183430414   42.180532477844196
-78.95516767843229   -5.579195999535315   29.5393618870159
-91.39260363098758   77.38205369120112   -98.40466896664468
-42.303066902205025   23.228771907230055   47.73131553681924
53.326083393028796   -92.8570176503844   38.77055868711997
3.6314561512581065   -12.571904999051327   -0.4776402707779681
-82.40929572191264   -61.107058592561295   71.57061560096517
4.808810530702104   75.30362840483906   -94.32163145569585
67.33710303482476   -69.62584549975625   -58.968657102805096
83.87798097280469   -90.77713075720987   97.83550228456761
19.088444903080614   85.9346914747947   -28.93282314816294
-48.582645726468066   -92.42178693866836   79.9125913205678
20.6367719558003   -73.06507565045557   22.244117117890355
92.70123012669083   -81.59455570278418   50.441845712020864
-33.14483816496741   -28.93109246281213   66.39923880704384
-64.81869258390353   -72.76344633357076   50.40038939038695
-1.6242784300369806   -82.82237789181836   78.34613560932465
-78.22190712477466   49.12866970665547   19.625657847053034
89.65742791173014   52.92332257614427   -81.59326696839088
-73.92278355233368   -1.5234759719854338   -83.74854711730244
39.158085196540384   50.18048464712129   30.407482643547212
40.19116016070535   26.89998519204518   97.5901898794938
97.67934015323695   79.96821290032642   -97.36968341592352
4.856704072932573   -41.43337838173113   -61.12759184161553
-44.2944018429678   70.64738951992916   29.76267119329364
-86.88573611307568   -20.604485584849016   -52.34387172315911
50.760682138644256   -70.65548762936157   73.08476346222196
-38.013119420065244   -0.38204862242918125   -37.327868494107896
14.91315573019574   -60.072579172254436   -23.54430757377824
-92.06008049499528   52.66190676946965   5.692697525470209
-85.44656733015512   -64.19494845445628   13.533975540788617
21.318031055193387   80.58345735854687   97.6563394671297
27.655800096986894   -15.544213910586151   -60.72097807817447
-30.121649536891155   -64.82443727658757   -31.42201992387153
-20.41833805740771   5.053211212651746   11.814403246074562
-15.95423684585262   12.323316250723096   35.59372515487928
12.007480419716131   98.62688378031234   41.58484501587466
-46.81584758505637   50.52703684643123   22.642290729008934
-60.51481799234397   -20.19588293521781   85.52723484243577
56.65594759297875   95.32392546894911   -87.5708151702929
37.185081673572085   -85.61346774071   44.9011734515629
26.167766718951896   -87.55298944776621   -31.90697814984327
32.50841767128452   -91.46143495809432   79.88578523375048
-21.714805114552192   85.43899619114586   -60.14776156880126
-18.9304250232277   30.920653430611225   -16.24245444478369
-69.79345798396399   -93.54178114836512   -90.30047805934156
-22.713037521899466   70.55483972421192   -71.43683609445543
25.25686601675619   -4.132770499410142   57.7767288082932
-4.442700273282412   -62.8125299315373   -74.4193273462185
70.53100743964663   -35.138891080503825   91.47687566844058
56.363904968181885   -10.474427144860314   41.322564363556666
-56.16605760916072   55.98476466446584   35.71817081757956
59.809892548752   12.368208170991196   72.72383850515212
-80.88770503483326   99.28669394336401   65.61157098577672
-37.60880003152414   -19.822663475019155   44.20313809797554
43.77262036509441   -38.09552917245846   -2.593120592876687
-3.2129946491135115   -65.44909698258755   35.20101301201211
67.59298436680572   37.973780493043876   -10.123433311266282
88.717655304304   20.552422240502707   78.93594223297214
-17.97556043783473   -3.483587577700746   -45.27188275002623
60.557204947834265   -35.73571933849888   65.0331251766392
97.67108337784083   86.85956155925584   -85.74501684329363
-56.85674495676396   89.73187117407278   -39.34942161462052
85.22521970339935   52.846149261460596   67.9105336864616
3.3436039135426654   -17.850717313107054   45.58916575675448
71.45817116490193   60.241263736901715   -63.60059998287677
95.35539535079974   -59.02039479913277   98.06336694105607
88.18219462127027   -66.91637298974578   -52.93139107699864
76.79297830307698   13.964002596861306   84.83634308548201
58.353160245503176   58.17878807207174   -92.93336147887177
48.94988777498722   93.85363297609945   5.876724928175008
25.57839492079846   58.199932706618284   -43.86639118397322
-53.4134166397418   -81.06253035262455   26.671050105655027
-13.059697209537944   54.85061452118245   0.9927159841326159
95.7115800562209   49.1377047767582   -84.90407445791453
-62.362983541739126   25.122507496830423   50.9241831509874
65.6879023430734   -96.31714017609067   58.00326198342259
76.60738597145237   73.39111208507319   35.46231872666371
93.5215071005484   60.89091984417385   -35.54108255423817
54.800987689356646   4.3033561374332265   24.70605037825932
28.053795472794462   -84.64927297956409   -30.114872946847584
-31.961686408095574   -60.692107971915156   -25.494888554601275
8.308750118840294   -42.70408473803431   43.38177734644924
-15.775040721948798   -19.87094126618591   69.8500231653841
-43.56010784116451   23.570502172303947   6.389116206259445
-74.30949806105434   97.88459387101537   99.32057453719244
87.90601076011012   31.726884858564603   -96.18340909764336
-85.23280064310303   -54.11126438008669   74.34340571947484
22.075723453104487   40.72115531236608   -74.19230296258013
-16.52439338743632   33.80413136418119   32.174080565381104
87.13002902882778   -81.54736839877546   -49.30079084194154
-34.002635532853034   -37.68618168261111   -91.59159713756979
-68.58478813968685   64.02048962263004   -56.190419940479394
-83.71309393329724   -58.0499958871469   -31.795669605068653
79.09455701448977   55.43086513120281   97.4989866904541
-77.14933884742888   -90.2187277045989   34.824104388505305
-55.51504452209486   -99.98757686394796   83.31074130739071
91.32210903753577   -99.58284225848281   -86.6508560991604
93.47279211180063   -93.002316587116   -76.40364928571582
31.901208996808066   -32.3016912403904   58.590475450016186
72.12089124706574   -98.92179282316734   65.16122468295737
-56.05647958806228   85.0176915582891   29.93182242698009
-34.33330404079477   14.320237104413593   -40.21252282336847
55.45469459340214   -67.3346603465222   -74.80876917971699
-17.866372952017073   -65.62441873996966   -73.43435203252855
75.26462383881801   82.4317983063969   -18.41514937396728
-66.9897722932163   -59.368924172044316   42.78142445927443
-0.7757592322988245   -38.63952483485951   -24.01580252984759
42.3914569018431   -37.48892963857333   -4.192908526037243
-31.66907029100284   -94.34486536826765   -68.5097674351996
82.34801297517907   59.843670249860594   -73.3874089287837
48.09706553512953   -21.21931477480537   19.42059233592019
-2.9207299122486745   -25.582367255187833   -83.38520425086011
48.852414746782074   49.58443985797061   88.02208010993061
16.853471031955365   -14.999592033131947   -98.52250411985774
-12.023313789802017   -5.700719146288563   21.998369101525967
89.29751033399816   -11.867804413651626   61.94168767507347
-26.110464927657958   95.27320420088807   15.723377746891146
12.232876665168746   93.2989976896354   -70.02846843165585
20.357826383097176   84.1956192371108   -24.588854351798233
-42.66196261876751   1.373990045701376   -35.284910738259484
-54.184639815425314   -86.38181130417084   51.698092885079404
-62.9382659581486   69.00927099934287   -98.91236258858125
-39.44980228878381   5.1718331576079635   -74.68911921215692
-38.38465543636052   -40.55059732650472   -97.10511083303821
-17.28380571706876   -50.88300776202388   -98.56772926804086
-80.84231569165715   -24.90251722043331   88.986284567176
19.293641327121705   32.17492905859149   -27.7750165656862
71.01707805435726   -25.422721927623144   -16.543282734016913
11.759952373228714   -26.358866342767314   -94.48092590533903
17.216233797572627   43.307109025044014   85.3229872849316
-87.34661334958014   -38.88859236168032   -88.83117259024533
78.21829881084236   91.89492482350468   -30.709906348294865
51.14652344318432   60.87951858843951   9.305296073935466
-30.956600261003913   -25.733873066706053   -42.33532750968705
72.02086369222616   -18.227003918554203   -43.6097321638677
9.25975795265559   -0.44874065933488794   90.92379093009214
37.061914069226475   -51.18903626344602   -38.5077518366163
57.318699708227314   16.34491615228977   96.11038883270317
-43.1502060981106   -59.17181413069328   -52.194563253431326
-63.7148540248275   98.3605790986363   78.81516867889212
50.76247762915963   10.602361437461894   -85.71090958458521
21.651055355566456   65.68195137414284   6.742926092345684
-74.02983426133338   65.14923628074536   -0.9420771822254608
15.085470231074652   -73.70458187079754   -71.99158504907194
-7.1347124117341565   79.55441859165603   98.29736241930513
-75.36299129848179   71.09928626176281   12.98704765929908
-44.31929701679724   48.42309397409147   -93.3946489633584
-26.865078665061873   -50.706584383434276   -37.69665001341755
-38.152743403857144   -89.44682052942817   66.66205615655244
-75.8905209574014   -22.253992553526317   -34.81932069702714
22.06890847551361   82.50686903408362   25.67691253273074
50.10924545418038   -32.218319867749884   -45.351986424832845
-60.38025245825849   37.29884937705967   90.55448669542255
33.711573080053626   -11.901135252506336   85.01808650192626
-41.72814729365799   3.1083296759091894   32.70735540441419
96.32770802498194   31.395274896729404   -74.23824223294567
81.63311405248584   -60.12736582051825   70.11225156280608
27.838626790864012   39.59560342290342   -64.19972557001141
81.56307331924177   -55.95132240754555   97.43766694869527
46.444314187669846   13.602741951348179   30.58305417241624
20.481514661345642   82.45262510635263   -8.300524225077126
-60.390859016115385   -11.863824381841724   -73.95512280483024
-26.377976075243907   73.2809843290656   16.728658362905335
78.61785829722547   -85.5618693479455   45.67859559911281
2.543647773797005   -9.110336275420195   69.7465629825478
35.978566257114096   79.29719326432394   -70.43442379945168
81.64578701730309   -74.05798630801146   -70.9483729486818
88.46263338259703   -29.20481938917905   91.070676776043
14.818772586819733   79.1066413705907   -92.3428415673555
95.02501509465785   93.24130309365745   64.40267048462061
28.985131856442024   94.26224611517483   -7.1469852270556515
35.591040768624026   1.4269308187137284   -40.20352353588683
28.04149568786741   58.659871786818144   -96.42511429113732
35.09121497116482   -45.19389658998612   -37.30735684741442
82.48781552547194   76.88164876925481   53.12192764756611
78.3372047951311   69.33508930921616   11.333396946175725
-83.87036631677461   -96.80967572906233   -87.96189121094152
36.730634068446335   -36.76810998391487   -78.83519904187402
-30.85013734552851   82.78301455085185   40.27301790135235
91.80050016733162   88.80606923766874   -46.72392765858413
-68.16371077113665   92.78287799442967   -79.45068742237558
-69.76153676315815   90.01735633883948   58.649041283459866
-82.19872570663689   85.17041245432284   -87.49410011067769
-14.247391082036941   94.9770947252141   -80.08326790268117
-3.3912656547174294   43.51299491528337   6.616796843271587
73.20635873587335   -93.57703985389867   16.196740690654153
-61.78394827011593   98.52640241449274   56.60301052476487
20.65110422595555   -64.10654763781224   32.000242517024276
96.31066149545589   -18.391451926063112   -84.96209477417514
-32.75444895677235   -55.458613962218564   51.003056145262605
-65.58644319780987   6.291860118562994   -27.666595636258734
80.9250317832429   -25.010230626022718   63.24410061419363
-22.772630736286374   97.67860250992146   72.25301932998133
8.26488624651391   51.57778312665525   99.85711620607171
66.51286244664064   56.7784719800629   6.254934324665683
-71.05187178981404   85.30629828333952   -90.63078070293211
-49.40202744360056   12.789003255850886   -79.10878820922768
54.96633183605897   23.11314270030509   38.15326611667837
-80.07720196967242   -69.76025097386696   -45.07168789788065
-14.75602023059652   75.25522982638205   97.06156207474237
-55.14700249178919   28.272415269607762   12.909262825718073
-15.065781772989567   -66.0079547314138   -44.905168979486795
12.011422207156869   6.2849193718706715   65.42303696151643
-7.14139674361536   24.00616738708399   33.77348913865541
50.155866198530276   -91.05695141648955   -21.86368924216093
65.83863929988627   -9.122494799985773   7.060156994267032
21.343129406770572   17.501911348385875   -0.11968499693246315
-41.01804469444481   9.773710853547541   22.88920053604886
-17.189734669672774   96.47484875946157   -46.68072614269574
62.80936649150914   -62.651216568532455   -43.52498337050823
61.83827045106776   -89.4902722525313   57.483856883892344
-21.726709184395745   -65.28900762590257   14.964523687485638
-50.972115284317375   32.72294508584318   -40.929882328130354
-21.585026066419147   93.15696740582416   54.56714966514912
23.640093506799673   48.123704293830684   -79.92188308125026
-26.664326403049856   -95.63954803618702   -56.904737161340435
99.10928823583711   72.58677384107966   -31.71758157346794
-28.64288232563969   21.421815056868823   -11.72364123561536
-8.970029736981814   94.00184078521906   -31.72367376837792
50.760807619426515   -67.96592571119322   -62.7355983629065
4.385781202387548   -44.11128636174271   -55.92846722147593
-38.13820787168052   -98.16476572180551   -54.4549073213952
11.64929565091073   -69.11872088780447   47.470883293030596
38.57773955941204   -13.929597209406182   -37.018393269221626
-29.00456228971862   69.63391244956546   77.02834463418498
-55.391886616425445   -69.20547281370929   -97.77827058476053
-55.043613521607384   -78.48896803455582   -22.876322471874317
71.65684021796545   11.887407281920375   24.013522579545295
-67.94254818664615   -53.76099441868825   30.962802757511867
-81.27035965978733   -6.807725989108931   -10.436152418621987
-54.75099343527363   41.67321192683161   63.35171800396151
97.59484146853853   96.6653006846023   91.25830070509983
61.255676624155655   35.94834880167471   1.3752542240021342
63.34999883339475   -26.489231653997237   -22.960561509525064
86.97011668858826   -79.11868699292192   95.48109522225616
25.8448650295864   -73.64861713622975   68.4930511561966
-66.10504867526666   -74.48100905479049   21.30891434200099
83.28776247410838   1.34805713301742   72.72571573984064
-90.05754002627708   -26.637090755367197   76.1631794015839
42.80439426098883   -6.3660514941601605   -94.32960792927135
91.4490187802827   -98.47701765343079   -74.19503713077566
-69.52717353099591   -78.39725595290477   -82.97790881068723
-33.41090914481161   -8.608535490487142   -40.877896679021596
82.17657543607416   -97.83516229439553   -38.93837909234319
-99.68671489114836   59.29246580329573   59.917083127936564
-29.43049546622167   -45.1645570059747   93.42528279251064
-45.95534007590232   69.77409432189285   63.41177589822908
56.137906969110304   -80.3136121691864   -28.70584024304401
-32.883469178060494   12.56407195607818   81.62379353176087
17.615110714932342   -55.86918296047416   95.15544390251387
14.8352334241046   -32.379330914919535   -3.7777415891593336
-78.5964095800497   -66.90398024674143   90.91414365999785
54.87366437413229   -44.7275370151438   -77.05533325100839
-59.25349813375451   -53.41038179563142   33.06239151544784
-52.20082360336562   -86.99393645926318   -19.74551845691414
-87.56877226624225   -74.57772366531532   14.816284308170395
-54.20812081456394   72.16010976495818   -4.472233415930276
12.197877053065454   77.92807245511716   35.687609913911444
38.84421480507626   31.490630990179113   3.4718703213734443
-95.70130341295635   23.976525490728932   3.1807524721338467
13.675864250415671   58.949475647684864   -73.14259385694328
-31.58778606699235   9.132740745619557   27.012041227326193
68.57025531714174   -72.39832971110182   32.90855304876942
26.908353324265136   -63.72358961930564   -15.515131072594784
61.24050304763665   -50.01560475718922   28.546564443297825
12.587753372160108   -88.54615967789444   -85.98937608312265
-21.24938628941652   74.29980582821972   -52.62030167445959
-23.096725699468195   89.15278235385117   76.6764043437413
28.242015456975878   1.2103335026550326   -13.331560543679927
-0.8782125685251145   -84.95034863899897   -86.26580029619643
66.09431992887122   56.762318073795456   -41.33285471042283
-18.043031660359077   -92.83392099839509   -18.489308521036364
87.40391535050148   -42.26706218266729   65.86636984102853
88.76168395796594   -95.5719826301954   -94.2115823616248
48.12069879285173   -83.42065876335298   70.05582953381682
76.52151941884281   75.26437213533396   -31.388387136078848
-86.24203697501633   -88.87143839691747   29.385137356169537
66.63302355899143   -11.70879066297961   62.95244519384184
-56.280125287327905   11.957933109889666   -45.18684662119708
-1.2033759505868318   72.98206259643905   62.825404248780075
12.82381782967883   -47.72897748826648   56.75493507021295
33.39240920386487   75.55242335093087   -51.072985589828775
42.559975875475345   48.513065667621646   -88.38239529397949
15.583171720776548   -61.85588600183316   80.95113328429491
-74.27752583368701   23.824666737423357   -15.699198628101655
-86.08082449250331   -15.521054961175935   23.248880196064746
-12.29244255005024   -92.58949590731677   95.7787137647019
-41.68772437437567   -11.228106064175194   59.223684525374665
41.13062244493287   27.94886799118406   42.04273865850405
55.5398226182989   -9.329574007646386   -80.09059295716952
35.093096663349286   61.12237981798009   51.88398854858144
54.24995133503933   -22.325608620666387   -18.344084196404054
5.397962336813961   57.24854962970349   -49.616143262169274
-98.3355737042521   26.341892946119927   36.97797851012015
69.5346872334739   -74.8993904132634   82.62228408673718
96.92504529639345   -49.12124651994545   -19.71355232178773
-2.00275256030784   -31.433901814327925   74.40132529078193
41.8802445700974   -83.92578189940573   -51.45841265798732
72.9383896684912   32.05290835459945   12.567125655669045
56.0293468793935   58.571933902791244   81.62392233745578
-2.931032953899958   -3.958775109388398   -69.05355341493065
-97.31684575868658   -56.32687560015195   -5.444515443016101
13.919230193617537   -81.61040601048752   -15.48969025494786
16.149410844990797   54.100264559736814   -20.39697248115901
81.13435812738817   -58.38986066989518   44.225111739765765
41.547431306695756   -46.762641884242996   22.706742947176608
38.45210865765091   -36.53459215603263   64.14438708599494
-99.09314385205515   48.407276000319655   -51.496141552189535
27.05382190455046   41.38618493340388   80.43194476555189
15.730240949020441   4.193100450834436   -40.93573134960564
65.39971757315098   -69.66718458772898   -36.60633906502826
-85.2507381654257   -67.54027161920459   -92.32252324949837
38.072192018148996   10.528444198335208   44.75513887850266
-16.52858683922453   70.24665041790777   40.5111570768407
-36.56958587811767   -99.26838908660685   84.2837016173963
-49.53127348918529   -36.54598807160849   -96.45302885811735
-34.29936585907096   -18.650957834530345   -96.02440500772778
-14.120627949166732   -83.11586052738406   80.51335467330927
-1.2716385447849632   60.659547246672275   86.5798444276823
32.99842848944908   -92.4662878099193   32.95049018245123
51.989183794868325   -62.33657401183026   84.05986245655967
11.772554771965275   24.824664921118497   -53.50239068868188
17.129440961139508   -39.002412671104956   -50.68382566826364
-2.597776119402255   -43.51434679185493   -23.137700699416214
31.631384109855674   11.111979356144388   -47.744894558885974
26.053490423291976   -76.66814693362132   15.480856817839665
52.528698263014235   -67.40506060206286   -50.94685489374022
-3.923929653174568   -40.094879853044674   64.98023835137386
16.991708175378477   -4.3235445681089715   38.259618924719774
93.76501110387633   -75.98925581632818   22.968141577261065
-27.56516161408446   4.246641464211251   72.76323152294688
-41.218306080831546   -57.853445820724446   10.755541145572039
22.688462588710266   -69.0856353564008   76.77366429732629
51.88710510208708   99.39368683222935   52.79131760174383
35.98878892763554   8.233108208397994   -81.43251840681589
-73.03743689701763   -23.69872571197959   -21.84964093815121
76.88748721876368   64.56708701545176   -88.92197427716269
-76.17153027172803   -42.82217576318181   -99.18015858290235
21.60363433685187   94.0353912360053   -19.88419524232812
-43.996329965844524   -21.891902043743954   -37.150402867501974
-50.81286728200725   71.46422570273191   12.592622547723991
67.1421320606654   29.24278579801515   -38.81703524175215
-42.04870387353434   57.24852199232785   -4.6091715758816605
-96.53681304092234   -56.74577851209772   32.85624249847251
-80.3477541934017   -3.3898949666930207   7.052044581534233
48.40379176189623   -45.55846682556248   -57.954112807281156
59.44066269367377   16.26144390056561   -42.80671064054089
-3.3666005480906875   73.57273387069222   0.5843344998910425
-29.271984555748915   -57.02077143016637   69.84569702606876
-31.003501762480994   -5.309865149582976   -31.26096162729243
-99.03192015668647   -41.55171165533189   -39.34052343861356
76.47522993578448   -97.94523875415997   4.831037826348222
80.13907118538341   40.944641987566314   -49.50565709873875
-54.62967184329774   0.7574967159486903   11.27185682839351
-57.705525239791996   -73.88260081400932   22.327254338792415
80.1972358585206   70.48742817637168   -80.76185853423065
35.693600186740696   54.05915774325996   -40.05435710388194
39.0974233119386   10.073417581431315   -82.07686110332676
-75.27063692700804   63.08313869361112   -42.64890902619658
-78.95846033728154   -26.322393514969903   -89.12347812386474
-53.512928873184904   98.91890885199192   -25.006963763535595
-42.98526927294968   -94.30655337710535   6.072393343878375
-68.11089976765332   -52.710524557254004   -52.56609273041801
27.897732042210663   70.59894470538103   -32.63721772616684
84.27893298992075   7.069533234584853   -72.74350048385787
-9.67686268260077   16.763522875318955   -88.1878917741395
-37.59291120244879   18.893735233863396   -56.81216234780911
-54.797306017381956   61.02116294303991   -35.44187365121468
-48.53190588395366   94.1349767264268   64.25354958779874
51.87814948251017   -49.3497400141016   69.96579034829412
95.1856279266477   -97.46658448376616   -30.17340749643938
55.138560073990845   46.61103584110657   -49.91807195515672
-22.898616724831825   42.20563538305839   -37.89096926451903
-45.75739695578909   22.217376121295487   -82.72103690511052
-41.83336175040922   35.14586006622798   -76.27450888000642
-23.215521093697447   6.749013158919581   -64.16957497437056
86.97910999153783   -64.21254240067229   -45.142211279913205
-35.86999559465309   65.80755150867279   63.28410045564445
15.093750829143431   -22.90938575125574   93.53669662454206
31.655738716250767   -15.335501153252821   0.4141700107750239
-63.8810058223346   37.84095359744981   -48.25639438291076
-40.533510562964125   62.9275714555433   -47.36282934570526
-44.89143792084758   3.515459620508281   -25.97267499224742
-51.08008058763907   -45.391773680035755   74.60697608924059
-95.99823447624438   29.763871987210393   -21.000678087257413
-10.44926228607659   73.39952716575763   -29.856649212006616
37.50771077694236   -18.706126484464775   83.62872392084194
23.80882097244009   -7.123145786712939   -21.738107107718903
-81.2856730082816   73.48213418228352   -47.39886088759011
88.88555298252689   -58.43709506236638   95.50933975085033
-26.44480016832675   -32.22776079770888   85.49945331531333
69.53102930725589   -49.10626955917336   -47.361066418088946
-2.952659147285857   19.049367104567438   94.47951033364467
-42.28061257045932   41.70853841824285   -64.81246969765914
91.35583121115025   87.47899610431404   2.9529282531293575
-84.96080394571008   -55.51612866373603   95.91065368822004
9.277208669014087   -22.26042214952193   18.910618618390302
60.99860816413096   15.598325560619358   -98.95894889904726
57.70025102102326   -67.69201718398254   69.77625975261753
86.62847641366824   4.508971558653641   -44.275838161436276
-12.871999804817861   -42.226800345451345   -87.2191901937685
-46.66709247931955   -42.11140100224902   26.855250638105616
78.62643037601188   -32.85270951217973   -46.036198142914685
81.7238232759785   -35.725335417876835   41.66305670418487
16.42035142686491   78.89572962328856   -26.462511455973868
19.39779217152035   85.62139333025112   -70.48738538206025
68.73134715430601   0.7446132281990145   93.7892631652189
-57.220632008670805   80.80952686321851   70.6932764270662
-3.0545806239002076   52.55494254400827   -42.86122589662542
-84.86472214847582   -8.907961306938645   0.11867962006544985
-21.9117856767987   89.20209787274689   -93.2612980611209
94.2050641545934   -84.89093803396706   -48.786842073879264
-19.210093394660845   -26.012606608422885   56.22556645751541
-78.12205028110695   8.086525507826622   25.058569218186676
-50.035275700793825   -41.95513611373798   70.31235045374126
-62.02208401540437   -53.7008051760389   -35.48671530746523
28.806331450211502   90.9133020255722   -83.12509911191557
0.8355007054200456   52.587704090774224   25.553962882189325
77.50810285711057   84.1309963078599   -19.761929832327226
84.32986776255538   44.06948910246331   52.94215970937225
50.6972959084851   64.9224376567831   43.722386167558426
53.568819777027954   -51.232397797331416   42.3180672099252
-63.80638820529199   -36.39807871235688   -82.18389825375314
-27.889159956739533   27.583725460492303   -53.844811728154006
17.100887268180728   93.43150973898446   49.214642929847315
12.994532874602882   7.691483866387031   94.1282790277001
-39.43723098768594   68.05033209321101   -49.19121926018526
42.14205153011318   46.6124349790494   76.62867259712144
-6.434204524943368   -68.75177858818617   -15.953040196650647
12.768371230879794   -33.85869463649807   -68.39047982887692
36.03775094049843   79.66652655196145   -7.641979535025385
95.8493430762677   12.295475897782836   13.786097538392823
-71.10728457290405   -77.82635755073733   -44.277875265450064
-28.82298967616812   46.10349893860186   -33.76062185998647
71.42375322345652   -32.21153342041593   -31.84556506640277
3.5798632999358233   88.15949624239286   20.28710038539417
99.22664150242355   61.83694996278555   -63.71383304774183
77.40652599065015   -19.17457011925083   -55.35898933256187
-41.734757500391375   -21.846879423520065   68.17010387513213
61.64937347875602   -98.04670443670398   -45.70644759739586
-38.30554453752888   76.7790908982432   -21.43355353021292
-48.35138326627635   96.22320220336897   -22.54171887482059
88.6431864591842   86.6241228793705   5.271301240334438
95.3128351850124   -73.40142753624106   -64.25427031553869
95.94333166898812   -41.585517108990814   -65.8937520295741
-59.47663593433597   -27.32852980313413   -8.648167120458169
-45.94561678256066   -79.81026243205247   -6.169246780225706
-2.3725340397271424   -45.11782233742636   -56.69079969708444
-69.21996991352286   52.30159883256863   -6.9740805972318185
87.2562116070174   72.89492482361942   -48.79084106766045
-72.96315849630135   79.32500311923067   51.45311062715146
-78.3928658262425   -89.38979429858622   32.58790589164121
-6.783541172701433   -85.09019813252858   -10.784533105051523
-20.44464043860023   -74.03358149110286   -26.072468712964778
-47.84963581928103   95.02001548170881   15.42093096191195
-26.31634212521317   -98.98626284712799   -38.89531955036429
-16.058407404641017   43.101392434858326   31.706421249435238
60.98291349940288   26.03122319176441   -39.56255408724765
54.48611763497004   -82.39591292014995   -26.57406068258001
-7.763196331451724   -54.95018014871913   4.967902755392089
-60.364984029530454   40.30272055454614   -23.918113064213983
91.94970799980814   48.71624535672851   -21.91204671689637
13.751806233118472   13.891189061951593   86.78656546886964
0.7480520978510015   -42.99987386795316   -85.24452536063241
-49.16299036418816   -13.379021054337741   1.579632150235085
25.433918852499858   -42.3210903875179   89.66515079253838
-95.28380723231709   24.703315207139397   -0.796642869941607
8.29473949672483   51.66794378675735   -99.01381946937826
48.17957212246776   89.94891589116673   92.2516299540361
-54.517856292227094   -99.20739908482356   -2.5632788468977736
-17.362638621668026   -73.93734841485839   -20.15878970638194
73.73459786115046   -34.25390043010947   33.35484518703532
84.89265959617305   21.134848402142126   -42.98439044374054
-49.352610503980166   -94.86706059219753   -54.945188484862584
98.51723599036472   77.71613659356916   -44.13167595807088
-17.664680183239028   -54.115406623857695   66.63584867021098
82.01220102650751   76.58650408095019   23.861280521797497
-66.23482789842723   -41.87667616650694   65.17635321587775
-48.27765675858837   -32.94801389103657   -17.266079604207192
-8.564695361688663   -71.83984952113786   97.97513129918997
-2.531422465910211   -12.784198849109913   -86.75796104290032
-56.72925937095052   -97.54228297865627   -64.74890092577492
26.2423504315757   68.77047343122348   -54.683443220886495
67.07384078133211   85.79755435952637   -81.92560098107815
-45.571183780825805   -11.780432039036867   -59.08655903208353
52.64280521177153   -0.7031111800411765   29.299380198952917
28.829583675075156   -14.908716581015113   73.35197301029842
52.98368628509101   75.62571035750244   -32.51222533250706
59.06373500965569   84.0177631851978   18.593801744035048
-15.130178242217497   9.75102566888188   30.339267102210727
-27.154350347323202   77.16788021914513   -10.787859353652763
-32.28450980467092   -8.780861958618914   -95.20555254022234
-34.60041897992234   92.42819581251612   -34.28040202935729
-62.585437300061656   -29.45330406026767   -77.05165162841575
-76.67338545637277   25.11496238185515   -91.25537938784218
24.689015650390502   89.495121549539   -13.06568331450974
44.91995844352121   15.0592263436032   -37.110590130394904
-12.168776339029108   -62.48848295817633   10.275620256440376
46.73641865425813   81.1028291771899   78.36938489760365
29.164582338237324   69.34084934691401   80.79898787732452
14.698653300523176   -38.880517458644626   22.342204458875074
44.283247937905   -31.650586866071023   96.7868477283385
-14.969967417625668   84.20433318577972   -55.22101181354624
90.13385792958331   -87.26641553097434   64.34925834405962
60.37051673874771   37.895997472533935   1.6805764741645817
-2.6736394981890186   84.19764757287419   48.86577674293952
-44.21429161406534   92.5345825648156   33.232237682325405
-97.64409715517633   72.98527367211966   -31.728686583675852
28.26487200851369   90.73279891495045   -37.917038473085476
-67.88507250490792   -89.15049542369566   22.672957053136344
-72.52567863823853   -33.863601281114455   -81.04003064275112
-64.89463624485774   -41.99029235634699   -37.82044758102876
46.1610452034065   43.43726016043604   87.79908388599318
6.036893070093981   -4.54453462297792   -6.23480388274362
84.81467518934531   -92.58818510942393   52.39579702099405
-66.967647997422   68.57049741973714   51.22397654262508
14.841889681177307   69.43041085350626   -65.39548026632842
97.6708253965736   -85.22160025037576   72.3633070440651
60.337644097713905   49.64199975885663   -10.181458138337533
-60.45880320547199   -62.74551035758256   82.59428054816803
-3.481652099845988   -23.398787616304006   35.01099999562243
43.71588176125056   -24.933268818656316   15.694576771076484
-39.65302635136621   -48.263793149125675   -57.711091244966454
-25.373454169793902   -36.88942568366631   -97.33369398873981
-20.114731631464537   -95.31378852592103   13.850830271675974
-13.851943295579787   15.6033109495973   -46.18696734854482
0.2092873549555634   24.605441796876875   81.00116648800835
-42.42565929773108   76.04522006733677   -80.81933358957076
47.441740746478786   5.704499615364341   22.56904332994199
92.07197984937082   -85.89931051160013   26.6835894725411
-21.32751913751622   -78.62510258660001   19.272484952864573
-96.57301975780048   28.70616745322775   -32.35137238883267
11.869718303736263   -76.11599807395757   5.098363749840345
66.97300685429889   33.64712026799421   22.87277906041325
44.07435738022053   -6.126806947988328   -64.57990112960448
-30.3618163461647   79.0589931106955   30.227158874344582
1.86381707265042   -18.328871916237006   -40.84673491338528
57.2149695937307   92.74416502552646   14.543593879768821
-30.69500706232249   -68.10295183932126   -11.331932980937026
-86.25362903609228   19.688056743696407   -52.536809587717094
-3.5675311604710345   94.46273211698835   15.540874615582041
-46.607569749737145   -96.84304887394704   19.53416942419767
29.108088912852907   -38.48057829488454   -2.301207319987867
-53.101430536595906   27.73385447814816   -80.58852818361527
56.158372829482886   -82.47013999816623   -72.83752077166103
-93.08197716591854   1.6732559237319151   -32.55885670405836
23.524420048410647   54.03046570678907   2.5085884493944377
71.82251455677564   -21.15971834732416   -17.580674763873375
-60.745764686664636   -84.62508189679154   -53.90203924442136
-78.90652463503893   -14.617556963684649   34.3631762935957
-48.2799292412462   -40.78034858727653   61.85580285313202
-3.9740377304187575   31.217186273031018   -68.99839504022339
10.362415884317343   56.29336130065391   96.7138750498583
-82.04028618058483   39.924143756695   39.5329917061909
19.730645096199822   9.18100042232848   -92.150888749043
62.07016335673589   85.37821189580796   84.02531705890442
-91.51726510666028   64.74533324471506   -72.72987872080019
