49.14503212953386   -5.690684108587327   -32.50992736942379
-31.843055366785112   -38.89448671421232   44.94532698396817
-35.485926929327015   32.67854381611059   23.864371479741607
41.102897570417795   -0.11507134349284343   47.21267545291295
-39.68986732005245   19.434950732502585   3.47970644033888
-10.255847654442704   40.090983702472755   -13.58161411916764
-32.550445645828376   -25.1066553745417   34.317019034935086
15.43838065846515   -13.010606345030872   -41.85487391556132
18.09855255251314   -0.6875542775617305   0.47940073853449405
-38.02827738869414   -6.600705228222267   38.34840992941855
-28.92939481061051   -8.673552460696477   -13.751044231974717
27.85224344100253   11.901139007181484   7.789726868472499
-43.389184701189436   22.931134325096792   20.920302070227763
12.703156388375191   19.07656959396587   -36.514437446887115
37.837417398823234   37.86839997065195   -18.07351826089887
20.598086000459787   -14.036354320509844   39.66493145843518
30.932546847646734   32.7169866841065   -24.72317523010966
38.88976981023781   -1.6278211855430555   -39.79056666011365
32.673732785285154   -7.9171924263204545   -0.3008968620027872
17.69321344021101   8.256558313618456   -40.282395135632896
-2.739637866413311   8.084744081906145   13.737786734791655
47.093799374675925   33.46324511388052   10.227978058385204
5.713247097165564   40.67997846516835   -36.38916647110623
48.42165920876543   -49.56574987144356   8.130699709670019
-11.678378874804196   -37.24993542215367   44.61216856269857
-4.615314210662845   -9.27148545741452   42.63529594958449
11.541203338109938   31.222943162009486   -43.033268108883924
28.918955702912058   -0.14586857606886383   -28.75918061160858
23.86819295816767   18.98973532556066   -23.331358510236566
42.432793428338954   42.97015354728401   -32.19484146763468
-34.426108573647056   21.900838936575752   -6.442811507942103
-6.004644821458783   8.55222104126345   -9.238737376706297
-5.612217395373712   40.55701139814391   49.62116246066944
-19.647586813344176   -48.664177432295375   -23.78021206827754
-36.283219359392525   26.539202264356405   43.54242711629391
42.323247885004335   -30.69301763904789   18.41058460724834
42.556825670490696   -42.90361881053709   -26.07467786608584
18.735564685697227   22.591073505020347   -10.235431258775243
-43.410413552386615   -17.390668534704048   19.774587866907353
25.358925337659883   14.824555275610109   38.0240690608492
39.33842680843023   9.656828633917925   42.208390221274186
36.77472547026596   39.56465639119254   -47.13202582917423
27.49147924431624   40.27981355781064   28.511150844782733
-41.84258588142626   18.122213659580993   21.727736977659987
21.46689571275317   46.19441680642737   20.32361322063855
14.109990813500076   -49.534729314307334   -17.459577540255545
-23.577322929853274   -3.3061177020642063   12.903090486210203
5.134506272228833   35.245101113878235   -7.6753228026676865
-14.313440592472062   -14.017185646605554   9.808129111245734
-20.768278723722744   30.719486187181275   -39.37913222264542
5.837610390612824   16.38806300880354   -46.93954444286952
40.394898068126096   -3.332151444688648   -30.09171441777466
36.122472087025585   45.240783877337975   -20.565574266270602
-43.68760112018376   -13.471915634993117   -15.611911812320535
-24.181563627452473   -26.277452290909498   -35.91430739373923
-16.01295897120164   -11.681956586455875   -39.00528504288633
24.657040083093733   -49.327883269413405   4.107588533224451
-29.910766816353284   -18.42383489648113   36.81419958383651
17.033496004451365   35.26553849394202   49.78088368901163
35.50705922171473   -8.401332993427424   -26.96942706648311
32.20351980235941   15.322883115470347   33.469076117185935
-18.204731527457696   -35.32333101230862   -44.517908487881954
-25.056878477498955   -33.83733597298651   -8.832857290513687
18.80330980165212   24.644735644924296   22.640908658923053
-3.9463927910633387   14.710861828398095   21.386214173957498
-8.457044609238075   24.80606850317389   46.54686839603809
-49.42054552628665   -16.01349937182691   -46.75579274031764
42.80053157085328   47.37962612510418   7.239677670098978
44.83716803883853   -9.132919469199265   -25.527284360946766
-11.22165409130507   44.067683897132056   0.7621139272384738
-26.705280115798026   -47.72024574072235   33.9816316241056
-40.47601499036645   -46.921083067219094   11.233318755187497
-8.920433209329978   1.129053959357762   -27.409567335580064
-32.93672812092855   35.16735718050015   -2.4054790411109366
24.480006804579773   -34.42494003311823   39.849180489477746
48.94572984944993   -33.23138411953195   3.800324345274042
23.065824297889577   2.1607217590551286   20.288227772645115
-30.59166439214077   -2.1500964465526167   10.591534484216623
19.11272708146842   37.49913612100532   8.090285749986379
-25.39625663307782   14.825555118627847   10.967077845730259
-47.44759287018595   26.497348830041062   47.9149319416304
-46.407841516385005   5.841930439569289   -18.2767831877517
-8.894052928113673   41.80766381650905   -43.684482161908456
4.89720754794979   -20.224022185767645   -24.02209094393032
6.735107854498537   -13.52978802513826   28.623698858677372
23.86681952915285   32.86884934159578   -1.3765806469344852
4.389955280467305   17.43346093074311   29.33171031086053
-2.2854504863394   -6.53874242398831   -20.446484933098997
-5.510592704152494   -14.373122739864897   -32.19736418279937
17.6212747210663   -28.89926721776045   44.796652871592755
-1.9268746083055035   -14.397504316597974   -23.858121219258766
11.333064947415572   17.23630968939412   -21.561042036777888
-12.589557797682218   -31.23736277106659   -44.816962332937926
-0.9976327492214878   -5.754925012209547   32.5560944369489
45.191079649223596   -24.734693383769944   -35.77682975463762
-19.260752198633025   9.836077221547946   17.255562272265735
-1.028842760215987   25.606786158775805   -9.55540425043884
38.132458106875916   16.62236804052222   33.97014505609506
-15.981940707013521   47.26943723223586   -4.00162589562445
8.87674652095275   30.36441523692274   -12.857254016045381
