100
49.145 -5.69068 -32.5099
-31.8431 -38.8945 44.9453
-35.4859 32.6785 23.8644
41.1029 -0.115071 47.2127
-39.6899 19.435 3.47971
-10.2558 40.091 -13.5816
-32.5504 -25.1067 34.317
15.4384 -13.0106 -41.8549
18.0986 -0.687554 0.479401
-38.0283 -6.60071 38.3484
-28.9294 -8.67355 -13.751
27.8522 11.9011 7.78973
-43.3892 22.9311 20.9203
12.7032 19.0766 -36.5144
37.8374 37.8684 -18.0735
20.5981 -14.0364 39.6649
30.9325 32.717 -24.7232
38.8898 -1.62782 -39.7906
32.6737 -7.91719 -0.300897
17.6932 8.25656 -40.2824
-2.73964 8.08474 13.7378
47.0938 33.4632 10.228
5.71325 40.68 -36.3892
48.4217 -49.5657 8.1307
-11.6784 -37.2499 44.6122
-4.61531 -9.27149 42.6353
11.5412 31.2229 -43.0333
28.919 -0.145869 -28.7592
23.8682 18.9897 -23.3314
42.4328 42.9702 -32.1948
-34.4261 21.9008 -6.44281
-6.00464 8.55222 -9.23874
-5.61222 40.557 49.6212
-19.6476 -48.6642 -23.7802
-36.2832 26.5392 43.5424
42.3232 -30.693 18.4106
42.5568 -42.9036 -26.0747
18.7356 22.5911 -10.2354
-43.4104 -17.3907 19.7746
25.3589 14.8246 38.0241
39.3384 9.65683 42.2084
36.7747 39.5647 -47.132
27.4915 40.2798 28.5112
-41.8426 18.1222 21.7277
21.4669 46.1944 20.3236
14.11 -49.5347 -17.4596
-23.5773 -3.30612 12.9031
5.13451 35.2451 -7.67532
-14.3134 -14.0172 9.80813
-20.7683 30.7195 -39.3791
5.83761 16.3881 -46.9395
40.3949 -3.33215 -30.0917
36.1225 45.2408 -20.5656
-43.6876 -13.4719 -15.6119
-24.1816 -26.2775 -35.9143
-16.013 -11.682 -39.0053
24.657 -49.3279 4.10759
-29.9108 -18.4238 36.8142
17.0335 35.2655 49.7809
35.5071 -8.40133 -26.9694
32.2035 15.3229 33.4691
-18.2047 -35.3233 -44.5179
-25.0569 -33.8373 -8.83286
18.8033 24.6447 22.6409
-3.94639 14.7109 21.3862
-8.45704 24.8061 46.5469
-49.4205 -16.0135 -46.7558
42.8005 47.3796 7.23968
44.8372 -9.13292 -25.5273
-11.2217 44.0677 0.762114
-26.7053 -47.7202 33.9816
-40.476 -46.9211 11.2333
-8.92043 1.12905 -27.4096
-32.9367 35.1674 -2.40548
24.48 -34.4249 39.8492
48.9457 -33.2314 3.80032
23.0658 2.16072 20.2882
-30.5917 -2.1501 10.5915
19.1127 37.4991 8.09029
-25.3963 14.8256 10.9671
-47.4476 26.4973 47.9149
-46.4078 5.84193 -18.2768
-8.89405 41.8077 -43.6845
4.89721 -20.224 -24.0221
6.73511 -13.5298 28.6237
23.8668 32.8688 -1.37658
4.38996 17.4335 29.3317
-2.28545 -6.53874 -20.4465
-5.51059 -14.3731 -32.1974
17.6213 -28.8993 44.7967
-1.92687 -14.3975 -23.8581
11.3331 17.2363 -21.561
-12.5896 -31.2374 -44.817
-0.997633 -5.75493 32.5561
45.1911 -24.7347 -35.7768
-19.2608 9.83608 17.2556
-1.02884 25.6068 -9.5554
38.1325 16.6224 33.9701
-15.9819 47.2694 -4.00163
8.87675 30.3644 -12.8573

1550.77
0 68
1 6
1 24
2 34
4 79
4 43
5 98
5 47
6 57
6 38
8 18
10 53
11 76
11 8
12 2
13 50
13 26
14 52
15 89
15 84
16 14
18 75
19 13
19 7
20 64
22 82
22 5
23 56
26 22
27 19
28 91
28 16
29 41
30 4
30 73
31 87
32 58
33 62
34 80
37 28
39 60
40 3
42 44
43 12
44 78
44 67
45 36
46 77
46 48
47 99
51 59
51 17
52 29
53 81
54 61
54 66
55 54
56 45
57 9
59 27
60 97
61 92
61 33
62 10
62 71
63 42
63 11
63 39
64 86
65 32
67 21
68 51
68 94
70 1
71 70
75 35
75 23
76 15
78 85
79 95
81 30
82 49
84 93
86 63
86 65
87 90
87 72
88 55
89 74
90 83
90 88
93 25
95 46
95 20
96 31
97 40
98 69
99 96
99 37
